1842 1844 1944
1 2 1212
1 38 1204
38 3393 1024
38 1842 966
3392 3393 795
38 1844 602
2 38 559
1842 1918 348
20 81 348
38 3392 335
1852 1856 290
1842 1899 287
1 35 283
1862 1900 275
2 81 268
1844 1918 253
28976 28977 219
40 42 215
11417 11423 208
41 5991 208
41 42 195
1842 1858 190
1845 1846 188
3427 3428 186
13276 13277 183
44 71 183
11417 11422 182
11417 11459 181
1 67 177
7 35 175
1 398 174
1842 1912 173
13275 13276 170
3393 3451 170
1844 1899 168
44 82 165
1964 1966 158
2 35 150
1861 1928 150
1 154 149
6015 6016 148
35 38 145
71 80 145
1856 1862 144
7 44 142
1861 1863 140
1842 1861 138
35 44 136
40 41 135
11423 11459 135
13275 13277 134
1842 1856 134
3 7 133
3457 3925 132
1862 1899 132
6182 12742 132
1842 1933 130
1 194 129
3428 3437 128
11422 11459 126
11422 11423 125
1844 1903 123
2 7 120
1846 1856 120
13276 18304 119
39 40 118
2644 28976 117
39 42 113
2 398 113
42 1552 112
1858 1899 112
20 44 112
3451 3457 110
1844 1861 110
1 43 109
38 42 108
2644 28977 108
1845 1856 107
4417 4541 106
1844 1912 104
1842 1882 103
13277 18304 103
13272 13276 99
3451 3925 98
13275 18304 98
71 72 97
44 81 97
13270 18306 97
15369 15370 95
40 1552 94
3394 3451 93
40 1551 92
44 80 92
38 1918 90
1850 1902 89
4417 4540 89
7 38 88
1 46 86
41 1558 84
1899 1900 83
3451 4011 83
21305 21306 82
42 1551 81
1846 1852 81
1 62 80
1901 1948 80
13272 13277 80
1842 1903 79
2 194 78
2 67 78
1852 1901 77
1844 1858 76
3393 3436 76
38 13276 76
3 82 75
38 1856 74
1856 1893 74
3393 3453 74
287 326 74
38 41 74
2 154 74
1842 2839 74
15369 15375 73
1 7 73
38 1861 72
35 62 72
13272 13275 70
38 40 70
1844 1933 68
1 60 67
1842 1857 66
39 41 66
15369 15374 65
14977 28976 65
1861 1862 64
3428 3922 63
1858 1861 63
3451 3927 62
1899 1918 62
41 1552 61
38 1899 61
3 35 61
4 5 61
1858 1918 61
38 67 60
38 398 60
38 13277 60
1861 1865 59
1888 1890 58
38 21305 58
1852 1893 57
1551 1552 56
14977 28977 56
7 82 56
35 272 54
31 75 54
43 154 54
3428 3438 54
38 3451 54
3 4 54
38 13272 52
21305 21307 52
11417 22053 51
15369 15398 51
3393 3428 51
1844 2839 51
3394 3925 50
3392 3451 50
1861 1899 50
44 72 50
20 72 49
1844 1882 49
1844 1857 48
38 13275 48
3393 3927 48
1845 1851 48
6195 11417 48
38 46 48
15374 15398 47
2 43 47
38 1552 46
4509 4539 46
1844 1856 45
3392 3925 45
41 1551 45
3393 4011 44
1864 1865 44
1 61 43
1844 2398 43
15370 15372 43
32601 32602 43
1845 1852 43
2 20 43
15376 15398 43
3393 3942 43
3457 3933 42
1842 1913 42
11417 11421 42
3427 3922 41
15369 15372 41
71 82 41
1556 1558 40
1865 1928 40
3394 3457 40
1888 1893 40
38 1846 40
66 82 40
3393 3452 40
1846 1853 40
24347 24348 39
38 1862 39
2 3 39
3925 3933 39
1558 6006 39
2 62 38
38 1912 38
7 66 38
2 46 38
11421 11422 37
3393 4008 37
73 74 37
15369 15373 37
11421 11459 37
1844 1847 37
39 1552 36
11422 22053 35
5992 6016 35
13273 13276 35
13272 18304 35
2644 14977 35
1861 1927 35
11417 27506 35
6195 11459 34
4540 4541 34
1861 1900 34
3430 3431 34
73 80 34
38 194 34
38 44 33
6195 11422 33
7429 7430 33
3925 3928 33
3427 3438 33
6195 11423 33
11459 22053 32
31 73 32
42 5991 32
13272 18305 32
67 194 32
38 3925 32
1 44 32
1861 1945 32
4929 4931 32
73 75 32
1844 1864 31
3392 3456 31
1851 1853 31
3392 3453 31
1844 1846 31
6195 11421 31
38 3428 31
1558 5991 31
3392 3436 31
1890 1893 30
1899 1903 30
38 1857 30
3018 3087 30
29822 29823 30
3451 3931 30
13277 18305 30
43 398 29
38 2839 29
38 32601 29
16477 16820 29
5991 6006 29
39 1551 28
5670 5671 28
38 39 28
38 62 28
38 60 28
13185 13270 28
13276 18305 28
35 65 28
31 80 28
38 1558 27
1861 1864 27
38 154 27
3456 3458 27
3928 3933 27
38 1900 27
7429 7436 27
38 1933 27
13273 13275 27
15375 15398 26
72 81 26
7429 7433 26
154 398 25
1851 1852 25
74 80 25
3392 3927 25
11422 27506 25
3039 3087 24
11421 11423 24
42 1558 24
4009 4541 24
15375 15376 24
15369 15376 24
38 1551 24
38 295 24
4 64 24
28891 28892 24
11423 22053 24
35 60 24
13270 13272 24
3457 3928 23
81 83 23
1 70 23
76 176 23
1852 1853 23
2 44 23
3394 3926 23
38 1928 23
6016 8824 22
11423 27506 22
1842 1859 22
1537 1538 22
1 272 22
35 191 22
1844 1865 22
38 61 22
1842 1852 22
3457 3458 22
3393 3925 22
38 18304 22
3430 3457 22
2715 11789 21
38 1882 21
9420 32601 21
2 83 21
1927 1928 21
89 92 21
3428 3442 21
4 80 20
1856 1901 20
3442 3942 20
3393 3450 20
1846 1851 20
1842 1991 20
38 3457 20
3394 3931 20
38 3453 20
4468 28903 19
2 61 19
81 152 19
9178 9181 19
11421 22053 19
6201 6216 19
1844 1991 19
3392 4008 19
1842 1911 19
5 68 19
5 64 19
28 162 19
1842 1846 19
38 43 19
32 34 18
38 1858 18
1845 1848 18
2399 3264 18
1900 1944 18
92 93 18
3926 4009 18
38 3436 18
38 4929 18
1856 1861 18
1858 1945 18
5992 6015 18
4927 4929 18
1844 1913 18
15374 15375 18
13270 13275 18
3441 5282 17
394 26034 17
3433 3442 17
164 175 17
1846 1893 17
11423 11424 17
1842 1945 17
170 9420 17
38 169 17
34 78 17
13275 18305 17
46 60 17
41 6006 17
38 70 17
3392 3457 17
1 42 17
20 83 17
38 3427 17
288 1538 17
1845 1850 17
4 38 17
1 3 17
6195 22053 17
3392 3942 17
11459 27506 17
3438 3922 16
13301 13310 16
165 175 16
38 1852 16
42 1556 16
64 65 16
25973 25974 16
89 394 16
1921 1953 16
35 45 16
38 3927 16
44 272 16
288 1537 16
15130 27335 16
3394 3933 16
3 38 16
3428 3942 16
1860 1911 16
69 155 16
30 38 16
38 28976 16
1847 1848 15
44 66 15
35 274 15
38 1556 15
1856 1899 15
60 398 15
6195 27506 15
81 1565 15
2097 2098 15
4929 4930 15
3432 3460 15
4 65 15
1912 1933 15
4417 4512 14
28899 28903 14
288 330 14
80 82 14
3925 3931 14
74 75 14
35 46 14
2715 29025 14
3392 3452 14
4537 4539 14
3041 3087 14
38 287 14
1912 2839 14
1 40 14
38 1913 14
1845 1853 14
1864 1881 14
1903 2398 14
4864 4865 14
11417 11424 14
15371 15372 14
46 303 14
3394 3928 14
3451 3934 14
7432 7433 14
38 1911 14
22618 32601 14
3 65 14
1845 1893 14
2 152 14
59 83 14
4 35 13
45 64 13
3 66 13
4509 4537 13
274 305 13
100 385 13
1912 1918 13
15549 15550 13
3424 3425 13
1844 1911 13
38 15740 13
13272 18306 13
4629 5676 13
6015 8824 13
4 68 13
38 13270 13
38 24347 13
164 165 13
168 169 13
3430 3933 13
1842 2398 13
9617 9623 13
5676 5679 13
92 394 13
38 4008 13
4629 5684 13
3 44 13
11618 11620 13
38 28977 13
1893 1946 13
15854 18447 12
59 84 12
3451 3926 12
1 1551 12
41 1556 12
28892 28893 12
1858 1912 12
1856 2000 12
7428 7430 12
75 80 12
38 32647 12
5979 5980 12
169 9419 12
3448 4009 12
3436 3453 12
1850 1851 12
1864 2398 12
3393 3394 12
5 69 12
3393 3449 12
1882 1918 12
38 7429 12
3428 3433 12
1861 1918 12
4927 4931 12
1266 2644 12
38 18305 12
3018 3039 12
2 60 12
69 156 12
4113 21270 12
1881 2398 12
42 6006 12
15374 15376 12
3457 3931 11
1844 1848 11
13275 18728 11
27125 27129 11
38 170 11
1266 28976 11
3441 5287 11
2839 3264 11
1977 2001 11
11460 21971 11
25973 25975 11
15306 16479 11
38 1944 11
1 271 11
3926 3931 11
25974 25975 11
394 399 11
10893 11616 11
671 672 11
1844 1945 11
389 1267 11
15374 15658 11
27890 29398 11
30 1842 11
43 46 11
2 70 11
2 42 11
60 62 11
12528 24347 11
11486 11618 11
38 1864 11
38 1865 11
1852 2000 11
1556 6006 11
329 1537 10
4629 5680 10
68 69 10
35 184 10
1845 1847 10
1266 28977 10
7428 7429 10
38 6006 10
170 32601 10
3930 3931 10
44 62 10
11424 11459 10
68 80 10
154 194 10
3433 3942 10
4864 4910 10
28985 28986 10
15306 16477 10
12545 22618 10
1 191 10
1899 1912 10
38 1948 10
1943 1944 10
18307 18450 10
169 170 10
20 152 10
18306 18307 10
5676 5683 10
71 81 10
15370 15378 10
38 80 10
4864 4866 10
3396 3429 10
4930 4931 10
7429 7432 10
72 80 10
38 5991 10
89 93 10
11789 29025 10
2 40 10
29398 31159 10
3392 3943 10
13273 13274 9
12050 28985 9
46 62 9
38 3942 9
38 2644 9
1944 1945 9
1859 1882 9
1 30 9
15373 15374 9
38 3394 9
18 325 9
18304 18305 9
3461 3922 9
1941 1944 9
18 322 9
38 1915 9
2 84 9
1844 1860 9
1 184 9
100 394 9
288 292 9
1899 2398 9
1893 1901 9
671 673 9
38 2398 9
6965 6966 9
5676 5680 9
1857 1882 9
1897 1899 9
9617 9628 9
3451 3930 9
38 9419 9
38 11417 9
93 394 9
168 170 9
3394 3930 9
4865 4910 9
13270 13274 9
9617 9622 9
11726 11727 9
19888 19891 9
5282 5287 9
3927 4011 9
1844 1852 9
194 398 9
25976 25978 9
1 1552 9
5672 5673 8
1844 1928 8
1844 1855 8
32 78 8
46 59 8
1883 1946 8
1918 1934 8
11459 11460 8
3428 3461 8
154 293 8
43 60 8
3431 3458 8
11397 11417 8
1880 1881 8
24347 24349 8
1 274 8
11422 11460 8
30042 32548 8
1422 1423 8
3929 3931 8
1965 1968 8
1899 1945 8
2 1551 8
60 314 8
38 22618 8
5679 5683 8
3436 3927 8
38 1945 8
1855 1865 8
3931 3932 8
1864 1899 8
1 41 8
3924 4536 8
4865 4867 8
28 164 8
1843 1902 8
95 2558 8
1856 1857 8
1853 1893 8
4 74 8
4 69 8
38 1845 8
1 20 8
1844 1845 8
21811 21812 8
63 191 8
1 152 8
11417 11460 8
2399 2839 8
1842 1928 8
38 3449 8
4864 4867 8
60 61 8
15373 15398 8
80 81 8
60 272 8
385 399 8
20 71 8
38 24348 8
1 75 8
3925 3926 8
38 3452 8
2037 2038 8
184 191 8
30 1844 8
18537 30626 8
1266 28983 8
31 176 8
38 75 8
38 13274 8
11460 11461 7
7449 7452 7
4 44 7
1899 1933 7
2525 2542 7
3455 3461 7
1865 1881 7
7 62 7
44 65 7
28 32 7
13271 13274 7
1848 1858 7
35 154 7
1865 1880 7
38 3931 7
4865 4866 7
1921 1955 7
1268 1269 7
11515 12124 7
38 1903 7
44 60 7
3428 4011 7
60 154 7
12143 23081 7
1874 1875 7
3428 3450 7
15398 15399 7
1845 1902 7
20 38 7
12545 12548 7
46 154 7
409 2542 7
1900 1945 7
322 326 7
3926 4541 7
3392 3428 7
3927 4544 7
38 15369 7
29 38 7
11423 11460 7
1861 1903 7
67 272 7
1863 1927 7
38 1881 7
100 399 7
18303 18451 7
1856 1903 7
2 59 7
3424 3471 7
59 85 7
100 26034 7
1856 2823 7
3450 3942 7
3926 3930 7
1842 11875 7
38 294 7
3018 3041 7
3456 3457 7
38 3926 7
38 1893 7
1501 7429 7
21999 31177 7
4629 5679 7
11421 27506 7
38 13324 7
38 274 7
3927 4020 7
272 274 7
1901 1946 7
1864 1880 7
38 12549 7
73 1565 7
4468 28899 7
1848 1902 7
62 184 7
44 191 7
409 2639 7
3456 4014 7
1843 1850 7
15677 16355 7
3927 4017 7
1552 1558 7
13310 13311 7
22053 27506 7
92 399 7
1 314 7
28 163 7
38 191 7
1 39 7
62 272 7
1842 1864 7
2355 11449 7
38 19914 7
1953 1989 7
1860 1864 7
11676 11691 7
9617 9621 7
1842 1845 7
2 41 7
1856 1882 7
45 66 7
33 2558 7
2341 2363 7
1861 1912 7
3449 3453 6
287 1537 6
61 62 6
46 398 6
89 399 6
1856 1947 6
13271 23487 6
1893 2000 6
7430 7436 6
3428 3927 6
1852 1948 6
1853 1947 6
1918 1991 6
101 1268 6
7450 7453 6
38 1859 6
1853 1946 6
16431 16432 6
1849 1901 6
1848 1861 6
1918 1933 6
409 2656 6
5593 5594 6
20 398 6
38 27163 6
5818 5819 6
9621 9622 6
4 82 6
1881 11874 6
3428 3451 6
1933 2839 6
38 2447 6
288 329 6
1959 1960 6
4006 4383 6
4512 4539 6
191 272 6
9660 9662 6
1880 11874 6
15381 15392 6
4512 4540 6
13324 13325 6
1846 2000 6
11680 11684 6
7 71 6
32 2613 6
18 324 6
1965 1966 6
3393 3431 6
672 673 6
16477 16479 6
5679 5680 6
3392 3431 6
7412 7458 6
30 1912 6
16252 16253 6
62 194 6
38 9617 6
9110 9112 6
1848 2398 6
38 2024 6
3392 3458 6
15371 15381 6
76 77 6
1855 1864 6
3457 3926 6
1900 1943 6
4 155 6
3929 3934 6
1908 1911 6
3431 3925 6
1943 1945 6
3455 4014 6
67 154 6
38 4629 6
73 81 6
1899 2839 6
1842 1855 6
1858 1882 6
12546 22618 6
1864 8804 6
2 1552 6
14140 31153 6
2364 2365 6
1891 1893 6
72 1565 6
11422 11424 6
1875 2866 6
3039 3216 6
1856 1864 6
1 159 6
38 272 6
83 84 6
1845 1849 6
9622 9628 6
13274 13275 6
72 73 6
6010 6011 6
13358 19914 6
13270 13276 6
6199 6200 6
38 11422 6
46 51 6
5282 5288 6
88 89 6
18544 30626 6
3393 3443 6
1864 11874 6
15370 15606 6
3430 3458 6
3461 3943 6
7449 7450 6
4506 4536 6
38 11459 6
38 13185 6
13215 27313 6
63 64 6
1882 1912 6
12528 24348 6
5670 5673 6
12548 22618 6
158 175 6
3929 4012 6
15379 15381 6
3458 4014 6
1985 2673 6
21306 21307 6
31 76 6
2 39 6
38 4009 6
1948 1973 6
154 314 6
28 38 6
1949 1973 6
35 152 5
329 1538 5
1882 1933 5
67 398 5
38 2001 5
3437 3438 5
20 60 5
3455 3943 5
3924 5980 5
6197 6199 5
43 61 5
42 398 5
8817 8956 5
192 193 5
18306 18532 5
38 16253 5
39 6002 5
35 82 5
15370 15381 5
7450 7452 5
15370 15385 5
3039 3041 5
287 288 5
760 1000 5
13301 13311 5
11515 11516 5
38 137 5
162 163 5
11459 24542 5
68 74 5
1881 8804 5
15369 15371 5
4629 5682 5
12540 32644 5
287 2533 5
38 6216 5
1844 11875 5
1849 1851 5
11680 11681 5
3926 4540 5
162 164 5
1865 11874 5
1849 1850 5
38 59 5
16477 16510 5
1856 1900 5
1880 8804 5
399 26034 5
2538 2541 5
27484 27728 5
27128 27129 5
1857 1895 5
2 30 5
7435 7453 5
325 1246 5
1846 1947 5
3924 4506 5
7430 7431 5
1993 1995 5
3392 3394 5
1501 7434 5
1842 1915 5
9620 9621 5
3453 4018 5
3925 3930 5
28985 28987 5
35 61 5
13185 18307 5
7 65 5
38 4931 5
62 154 5
38 6973 5
2267 12165 5
322 2640 5
38 13321 5
28900 28902 5
3326 3328 5
4 160 5
2 82 5
67 279 5
36 1562 5
33 34 5
16510 16820 5
2264 2265 5
3425 3471 5
20 46 5
38 24367 5
7452 7453 5
4513 4536 5
61 274 5
2000 2823 5
3394 4376 5
38 9621 5
21999 22007 5
1848 1945 5
6197 6200 5
38 25978 5
38 158 5
3453 4008 5
3432 3459 5
1552 1556 5
3926 3935 5
1853 1856 5
1272 1273 5
32 162 5
158 164 5
15372 15385 5
1559 6016 5
297 299 5
61 194 5
38 13358 5
38 82 5
1897 1898 5
5 65 5
38 1537 5
1848 1903 5
1876 2366 5
5992 8824 5
20 43 5
9623 9628 5
1925 10263 5
1860 1908 5
1 83 5
3931 4376 5
36 53 5
1957 1985 5
69 158 5
72 74 5
409 6968 5
1016 1017 5
7433 7435 5
1898 1899 5
15372 15381 5
1929 1930 5
38 409 5
38 11423 5
3440 3937 5
2 159 5
3451 4019 5
19888 19889 5
4509 4512 5
4867 4910 5
1842 1926 5
46 49 5
3441 5288 5
5670 5672 5
4506 4509 5
1265 2643 5
398 1551 5
3327 3328 5
1897 1900 5
332 2533 5
1977 1993 5
22007 31177 5
40 5991 5
18537 18544 5
1885 1886 5
12739 12740 5
88 92 5
38 27129 5
2075 2076 5
3436 4008 5
155 156 5
1842 1898 5
3294 11725 5
9622 9623 5
3018 3070 5
9617 9620 5
8804 11874 5
1857 1933 5
15381 15386 5
13319 13321 5
1844 1881 5
1842 1896 5
13270 13273 5
7428 7437 5
1842 1950 5
1856 1883 5
2821 2822 5
40 398 5
1957 2138 5
9110 9111 5
1863 1928 5
38 2053 4
61 67 4
1856 1946 4
709 760 4
3393 3445 4
18306 18534 4
28976 28978 4
15371 15385 4
79 2558 4
5400 5402 4
3328 6185 4
114 115 4
1954 1955 4
38 16252 4
38 2525 4
38 3930 4
4508 4509 4
13319 13324 4
274 307 4
38 11486 4
299 300 4
3429 3924 4
409 6955 4
6200 6216 4
3428 4008 4
70 194 4
1874 1876 4
27890 31159 4
2823 2841 4
38 29423 4
760 1016 4
1852 1947 4
1984 10263 4
1953 1955 4
20 1850 4
1849 1902 4
46 85 4
36 329 4
760 1017 4
15306 16820 4
3393 3457 4
4536 4546 4
2 395 4
5680 5682 4
3457 3935 4
1902 1962 4
1000 1016 4
1216 7289 4
1842 1893 4
32 38 4
192 279 4
38 27162 4
4885 4888 4
1000 1017 4
13273 13277 4
9621 9623 4
38 9423 4
11424 22053 4
11397 22053 4
287 329 4
2660 2661 4
156 284 4
134 137 4
1266 14977 4
60 191 4
38 3935 4
11617 11619 4
12255 21747 4
1863 1864 4
1 395 4
2313 2314 4
3443 4011 4
1861 1883 4
46 61 4
4512 4537 4
5685 5686 4
3070 3087 4
3448 4541 4
1859 1918 4
391 392 4
15548 15549 4
1953 1958 4
38 27807 4
336 6971 4
18304 18338 4
3456 3943 4
2313 11923 4
424 796 4
1889 1891 4
1985 2138 4
281 282 4
1557 8956 4
81 1902 4
15407 15409 4
193 279 4
287 330 4
50 154 4
32643 32644 4
1 29 4
38 436 4
8935 8945 4
38 288 4
1883 1893 4
13321 13324 4
15369 15378 4
38 65 4
3927 4543 4
385 26034 4
4 156 4
34 79 4
15371 15379 4
3394 4011 4
1941 1945 4
1882 1911 4
1501 7433 4
67 274 4
67 193 4
394 1542 4
61 314 4
64 66 4
12460 24397 4
95 175 4
38 14977 4
1879 1929 4
19890 19891 4
38 12528 4
3457 3927 4
4006 5647 4
1907 3328 4
12540 32643 4
3457 4019 4
13185 18306 4
1912 1950 4
38 314 4
6199 6221 4
5679 5682 4
3392 3449 4
2000 2841 4
38 322 4
1858 1991 4
34 38 4
799 1045 4
160 282 4
175 304 4
326 2640 4
1559 8817 4
17488 17489 4
3326 6185 4
38 18303 4
38 2639 4
3452 3927 4
5481 5482 4
4015 4544 4
1862 1945 4
6955 6968 4
2000 2843 4
1862 1898 4
3392 3461 4
1559 8818 4
15657 16355 4
28431 28433 4
4534 13328 4
3428 3436 4
7434 7453 4
38 293 4
38 1875 4
3927 4015 4
2142 2144 4
9420 32602 4
18304 18337 4
4468 5216 4
2542 2639 4
38 2399 4
13274 13276 4
38 19888 4
38 78 4
38 3264 4
12742 21145 4
38 326 4
3432 3935 4
38 4019 4
15370 15371 4
1857 1918 4
3394 3934 4
1876 2364 4
38 2827 4
35 67 4
3925 4011 4
5676 5682 4
1845 2823 4
760 1035 4
38 1939 4
1862 1897 4
10903 11425 4
287 548 4
38 5979 4
18498 18499 4
1847 1903 4
24348 24349 4
18728 21305 4
38 3460 4
10390 11789 4
9617 9619 4
1907 3326 4
38 1991 4
17482 17485 4
38 18306 4
2 1850 4
11615 11616 4
28977 28978 4
9429 9430 4
1847 1902 4
36 52 4
2841 2843 4
1000 1035 4
69 159 4
3326 3327 4
2536 28985 4
760 1037 4
7453 7457 4
83 152 4
329 1562 4
15855 18338 4
28891 28893 4
3453 4017 4
81 1850 4
38 3448 4
1557 8817 4
4017 4018 4
1865 8804 4
64 306 4
3452 3453 4
272 279 4
11680 11696 4
3432 4419 4
38 11618 4
3 5 4
3449 4008 4
38 12546 4
22618 32602 4
95 164 4
1946 1947 4
1876 2341 4
11610 11612 4
13358 19910 4
38 3454 4
38 304 4
26488 27747 4
1977 1995 4
18303 18354 4
5287 5288 4
15377 15404 4
3 160 4
5 306 4
7451 7453 4
17478 17479 4
3433 3922 4
1555 1557 4
184 272 4
11619 11620 4
164 7235 4
10320 11486 4
13276 18303 4
23081 26457 4
1923 1957 4
293 300 4
2341 2365 4
29398 29399 4
6200 6201 4
4534 28804 4
29 46 4
7439 7440 4
2341 2364 4
1882 2839 4
28903 28905 4
12547 12549 4
62 70 4
7450 7451 4
28 26032 4
24363 24368 4
11614 11615 4
38 3442 4
4866 4867 4
3328 6270 4
49 154 4
45 65 4
30105 30149 4
1 84 4
12050 28986 4
16254 16255 4
15381 15385 4
3464 4383 4
296 297 4
4866 4910 4
38 2000 4
151 189 3
38 11460 3
1856 2839 3
15370 15386 3
1911 2839 3
1017 1037 3
11929 21999 3
15372 15379 3
13185 13274 3
1844 1863 3
28899 28902 3
3436 4011 3
409 2525 3
44 64 3
3931 4012 3
4515 4517 3
95 158 3
1880 2398 3
1559 8970 3
3431 3451 3
15391 15392 3
11677 11691 3
398 1552 3
5 38 3
27740 27741 3
2146 2147 3
18 38 3
95 165 3
1858 1928 3
11618 11619 3
2264 2325 3
11532 27483 3
32 79 3
4381 4383 3
1861 1882 3
27740 27742 3
165 304 3
71 74 3
28899 28904 3
1862 1893 3
20 1902 3
101 1269 3
3428 3455 3
1999 2000 3
1556 1557 3
38 6185 3
64 156 3
6014 6015 3
11495 11496 3
1 1902 3
3429 3923 3
287 332 3
1865 1927 3
1861 1881 3
2542 6968 3
2000 2827 3
3824 5693 3
1915 1918 3
287 1538 3
7440 7452 3
26564 27483 3
10321 11619 3
408 999 3
18532 18534 3
12281 21964 3
2995 2996 3
13273 18303 3
6010 8819 3
28 34 3
1911 1926 3
4 75 3
18453 18454 3
28897 28907 3
11681 11696 3
3434 3932 3
3453 3927 3
3924 4509 3
1904 3328 3
1844 1859 3
28 78 3
800 9515 3
1862 1863 3
38 302 3
38 11485 3
18335 18450 3
38 15370 3
38 330 3
38 9658 3
26049 26050 3
12160 12165 3
8956 8970 3
33 95 3
18303 18727 3
7421 7423 3
2024 2352 3
1966 1973 3
19282 20339 3
763 28774 3
5993 6018 3
38 2865 3
3451 4376 3
29417 29423 3
161 304 3
15385 15386 3
30 1911 3
336 6969 3
7421 7422 3
1913 1933 3
15385 15606 3
9619 9621 3
38 1967 3
7452 7457 3
3939 3941 3
1882 1899 3
3430 3925 3
1856 1911 3
6944 6969 3
38 27125 3
3326 6270 3
3394 4019 3
2867 11578 3
89 1540 3
6200 6221 3
9624 9625 3
3460 3935 3
9619 9620 3
287 371 3
38 1855 3
11397 11424 3
46 300 3
38 1883 3
35 279 3
28362 28365 3
38 4536 3
57 58 3
18 326 3
18502 18518 3
15372 15606 3
38 329 3
1556 5991 3
38 9467 3
7440 7441 3
15369 15607 3
4378 4379 3
799 800 3
6971 22198 3
3942 4008 3
35 41 3
38 4509 3
11460 22053 3
15370 16230 3
38 24699 3
18307 18533 3
18336 18726 3
38 15374 3
2554 12024 3
38 1946 3
3926 4376 3
5678 5684 3
1 279 3
19914 28861 3
313 398 3
38 283 3
38 1926 3
2525 2534 3
27890 29451 3
1889 1890 3
15369 15606 3
15389 15390 3
30 2839 3
288 371 3
4512 4541 3
5979 5983 3
11929 31177 3
179 182 3
56 1562 3
61 279 3
31156 31161 3
71 1902 3
3928 3929 3
38 11595 3
38 5650 3
1852 2823 3
1850 1962 3
4379 5508 3
62 398 3
6195 11460 3
1938 1939 3
314 372 3
38 9426 3
1 1850 3
88 394 3
1 277 3
1900 1941 3
11676 11677 3
4864 4909 3
28904 28909 3
3457 3934 3
34 2558 3
18354 18451 3
1 300 3
137 9662 3
1911 1950 3
38 71 3
38 1996 3
1843 1845 3
1939 1955 3
7429 7431 3
27439 27440 3
5401 5402 3
1862 1911 3
1893 2823 3
170 32602 3
3928 3931 3
163 164 3
21938 27729 3
3443 3942 3
9620 9622 3
1852 1946 3
15375 15389 3
1861 1911 3
3394 4009 3
24347 24364 3
9620 9623 3
32542 32546 3
49 59 3
1888 1946 3
19823 19825 3
38 134 3
18191 18192 3
800 1045 3
38 162 3
2715 10390 3
1907 6185 3
3930 4376 3
1557 1559 3
38 9623 3
15306 16510 3
1861 1898 3
2026 2029 3
4019 4020 3
8929 8935 3
1845 1901 3
3436 3449 3
6185 11595 3
4531 4534 3
15418 15420 3
3931 3934 3
1856 2398 3
15369 15381 3
4378 5508 3
1875 1876 3
1 47 3
38 760 3
10389 29026 3
161 175 3
4884 4886 3
38 9195 3
13271 21305 3
11397 11422 3
38 95 3
3926 3929 3
1857 1860 3
89 151 3
5684 5689 3
1843 1849 3
13287 13288 3
16839 28771 3
3448 3460 3
38 5945 3
38 1538 3
18722 18724 3
3457 4011 3
38 9459 3
2 274 3
38 2355 3
9459 9461 3
14977 28990 3
409 12024 3
1934 1939 3
707 709 3
31153 31155 3
16432 16435 3
11461 21971 3
1843 1848 3
4 306 3
1900 1939 3
38 13325 3
4509 4536 3
11732 11733 3
6002 6008 3
9610 9611 3
7 46 3
7434 7451 3
1901 1973 3
3459 3935 3
38 159 3
1016 1035 3
38 19889 3
1907 3327 3
17482 17484 3
4008 4418 3
3937 5264 3
1855 1973 3
1423 1426 3
6179 12742 3
15370 15404 3
38 3450 3
2 1902 3
28897 28902 3
1844 1926 3
1898 1900 3
330 1537 3
2 75 3
158 165 3
1873 1874 3
12739 18535 3
1208 9585 3
1955 1956 3
3392 4014 3
313 314 3
38 164 3
10903 11460 3
15559 15561 3
189 394 3
52 53 3
4 71 3
88 189 3
1856 1912 3
38 3461 3
164 304 3
5496 5498 3
31153 31161 3
3432 3447 3
1904 6270 3
1859 1898 3
1501 7436 3
11823 11825 3
3943 4014 3
18339 18343 3
7432 7457 3
12549 22618 3
701 9515 3
1555 5993 3
169 32647 3
2356 2357 3
18306 18533 3
1859 1861 3
10867 11245 3
6016 8970 3
5514 5516 3
18336 23487 3
151 394 3
93 151 3
15370 15379 3
7442 7452 3
38 8935 3
763 1018 3
16255 16270 3
15374 15656 3
30 35 3
38 15398 3
62 191 3
1862 1864 3
9175 9198 3
38 81 3
134 9658 3
394 6974 3
24542 26050 3
3327 6185 3
7429 7437 3
49 50 3
1017 1035 3
4916 4917 3
1515 1516 3
1900 1928 3
44 1850 3
4509 5982 3
63 184 3
2000 2362 3
1904 3326 3
11424 27506 3
1862 1865 3
7433 7434 3
64 155 3
35 70 3
3448 4417 3
2265 2325 3
2316 27485 3
18726 23487 3
1858 1862 3
92 151 3
1872 1876 3
118 28991 3
2270 2274 3
38 2656 3
2267 12112 3
2 184 3
388 6974 3
38 13319 3
2314 11923 3
62 67 3
13274 18335 3
69 306 3
5402 5403 3
19888 19890 3
13310 13916 3
293 301 3
28364 28365 3
3327 6270 3
9067 9068 3
5684 5686 3
38 2020 3
1857 1899 3
1844 1915 3
374 1241 3
2525 2639 3
1975 1979 3
38 28862 3
1876 2363 3
38 197 3
38 84 3
4380 4382 3
1555 1556 3
16353 16354 3
11397 11423 3
3442 3922 3
38 4380 3
66 71 3
271 308 3
2644 28978 3
9415 9419 3
13288 13915 3
29815 29816 3
5684 5687 3
1873 1876 3
61 70 3
38 2021 3
1891 1901 3
4020 4543 3
297 300 3
38 29427 3
4884 4888 3
2363 2364 3
134 9662 3
3937 4382 3
44 154 3
137 9658 3
3924 5979 3
38 18532 3
11516 12124 3
38 11680 3
29815 29819 3
62 279 3
336 22198 3
88 93 3
1901 2841 3
999 6940 3
38 5516 3
6006 6007 3
2525 2557 3
38 74 3
8930 8935 3
3941 4005 3
1893 1947 3
3396 3460 3
1 59 3
6969 6971 3
38 9662 3
287 9591 3
15372 15378 3
442 447 3
1844 1862 3
38 11725 3
38 1972 3
3428 3452 3
1880 1952 3
3925 4376 3
18484 18486 3
38 28861 3
3922 3944 3
3941 4004 3
15854 15855 2
4000 5289 2
1554 5992 2
13274 18336 2
5647 5648 2
15405 15407 2
5687 5688 2
38 12548 2
34 162 2
2398 8804 2
2000 2824 2
3452 4016 2
38 2661 2
4422 5651 2
1907 6270 2
4543 4544 2
38 7220 2
1266 28980 2
11725 11727 2
1021 9529 2
1900 1911 2
1862 1944 2
19 9095 2
43 75 2
15733 15734 2
65 66 2
3440 4382 2
13321 13325 2
5289 5514 2
24032 24129 2
38 32617 2
3450 4008 2
3431 3456 2
9068 9194 2
1090 1519 2
1888 2823 2
38 72 2
15549 15776 2
10822 11906 2
40 154 2
38 12460 2
4509 4538 2
1862 11875 2
38 26004 2
2554 6955 2
38 25974 2
3396 3926 2
4000 5290 2
6955 12024 2
1859 1913 2
13168 17258 2
85 86 2
1842 1948 2
15562 15619 2
1844 1900 2
9064 9068 2
3428 4015 2
38 1934 2
1924 2404 2
42 6005 2
5845 5846 2
3451 4012 2
336 6944 2
27890 31158 2
4741 13909 2
19814 19816 2
296 299 2
1865 1900 2
38 32652 2
1281 2647 2
13176 28267 2
29449 29450 2
13358 19913 2
38 4506 2
15398 15629 2
15376 15389 2
40 1556 2
32543 32546 2
2262 2263 2
12191 21963 2
1865 2863 2
38 11838 2
18338 18447 2
274 279 2
15130 27339 2
330 371 2
6734 6959 2
39 5991 2
38 23604 2
9102 9103 2
28418 28427 2
3452 4018 2
2437 6278 2
13264 28417 2
33 2658 2
1937 1939 2
8709 14088 2
36 197 2
19877 19878 2
44 1842 2
42 6002 2
12528 12531 2
1928 1945 2
18 1600 2
170 2638 2
288 336 2
15855 18356 2
19289 21317 2
38 32653 2
12850 28365 2
5414 5415 2
3446 3942 2
18351 18352 2
18453 18455 2
4866 4909 2
38 4374 2
1057 14113 2
1859 1915 2
4536 5980 2
1019 26026 2
1930 1961 2
10887 10894 2
470 1535 2
192 194 2
1552 5993 2
1913 2398 2
25974 25976 2
77 78 2
38 28784 2
163 26032 2
3454 5652 2
26488 26489 2
15390 15658 2
4012 4378 2
27740 27743 2
184 279 2
4015 4016 2
15606 15607 2
1852 1859 2
19896 19897 2
38 4013 2
7453 9572 2
1436 28784 2
42 6003 2
38 6944 2
392 28976 2
38 5505 2
25638 28997 2
15371 15386 2
12124 14279 2
1325 2651 2
1253 1600 2
38 25929 2
11450 29006 2
38 2641 2
38 11875 2
40 6002 2
18303 20384 2
38 297 2
1997 2848 2
38 19809 2
36 56 2
5924 5929 2
38 3328 2
15369 15658 2
38 25973 2
29398 31158 2
4536 5981 2
1208 9570 2
18453 21317 2
2 314 2
61 398 2
4006 4384 2
18337 18338 2
11855 11856 2
38 5929 2
407 1597 2
329 336 2
1899 1934 2
15376 15658 2
2267 10917 2
4009 4417 2
152 154 2
27485 27638 2
6180 20417 2
12546 12549 2
9537 9538 2
38 22053 2
19 38 2
4865 4909 2
392 28977 2
27595 27669 2
6185 6270 2
61 1544 2
2715 2807 2
2823 2843 2
18647 28419 2
38 1848 2
371 1537 2
2807 11000 2
6201 6221 2
23752 23753 2
16254 16429 2
1857 1861 2
38 76 2
38 31153 2
19910 19913 2
6216 29344 2
8934 16592 2
14589 26052 2
24348 24364 2
16255 16429 2
6182 23620 2
11435 11436 2
38 104 2
30033 30110 2
1930 1932 2
2141 26330 2
100 6974 2
35 1558 2
6178 8929 2
38 20183 2
109 110 2
15390 15656 2
1557 8970 2
5699 5700 2
5917 5920 2
669 671 2
38 374 2
28899 28909 2
6180 20339 2
2753 23069 2
13315 13316 2
16431 16435 2
4381 5648 2
1856 1898 2
5362 5363 2
1018 1019 2
15379 15389 2
68 75 2
38 3445 2
3010 3013 2
12528 24369 2
11929 12120 2
1923 1985 2
5135 13358 2
2355 2357 2
155 306 2
628 8710 2
1882 1898 2
1863 1865 2
38 303 2
3454 4016 2
7 30 2
1045 9515 2
1 65 2
7434 7435 2
67 70 2
2441 3328 2
18343 18451 2
8934 8935 2
27805 27807 2
1874 2866 2
3393 3427 2
3926 5508 2
1860 1894 2
38 5923 2
30 67 2
38 58 2
38 405 2
32616 32653 2
11725 11726 2
38 83 2
38 4000 2
1852 2827 2
151 188 2
85 152 2
2048 2049 2
38 5508 2
17464 28413 2
5289 5516 2
26047 27608 2
5679 5684 2
1897 1944 2
4016 4017 2
2355 2356 2
85 188 2
3392 3427 2
71 1850 2
1857 2839 2
9055 9081 2
15855 18447 2
38 19812 2
29417 29422 2
9425 9426 2
29028 29029 2
3434 3931 2
15838 16269 2
16417 16418 2
3452 4011 2
1540 2536 2
19914 28863 2
12051 25929 2
3393 4014 2
38 6968 2
12143 28754 2
7451 7452 2
24347 24350 2
3215 3216 2
15399 15629 2
9608 9609 2
38 168 2
3925 3934 2
15376 15661 2
64 160 2
8821 8824 2
38 9636 2
18347 18532 2
15385 16230 2
38 1890 2
9104 9105 2
38 4001 2
12740 18334 2
38 18354 2
18309 18724 2
29413 29422 2
92 26034 2
18192 27440 2
2020 2021 2
38 13273 2
5648 5649 2
3453 3454 2
5679 5687 2
5516 5517 2
677 14113 2
2526 2527 2
1846 1946 2
6000 6001 2
8821 8951 2
4524 4530 2
2363 2365 2
1848 1864 2
3393 3461 2
4000 4001 2
2753 29471 2
388 394 2
38 1863 2
1849 1962 2
332 548 2
13319 13920 2
1976 1981 2
1842 1881 2
1814 9538 2
38 5135 2
18455 19289 2
2267 12161 2
38 15718 2
38 1266 2
1865 1899 2
43 50 2
15373 15375 2
11680 11683 2
32612 32617 2
15377 15652 2
9619 9623 2
28419 28420 2
15490 15492 2
21317 21319 2
3433 3937 2
292 293 2
272 405 2
4524 5524 2
28365 28367 2
38 6179 2
9658 9662 2
32617 32648 2
29417 29420 2
1848 1865 2
49 293 2
13270 13271 2
1853 1901 2
39 6008 2
19401 19878 2
6944 6971 2
3463 3922 2
1879 1932 2
3436 3450 2
3013 3018 2
38 12051 2
1501 7435 2
38 1860 2
1422 25689 2
29399 29401 2
12546 32647 2
38 3941 2
12120 31177 2
3430 3432 2
38 57 2
288 331 2
2267 12160 2
3436 3452 2
38 1888 2
46 67 2
3458 3943 2
38 11841 2
3424 3469 2
19897 19898 2
9619 9622 2
4009 4540 2
21936 21938 2
38 3922 2
12161 12165 2
1864 2863 2
9611 9612 2
38 3433 2
7409 7410 2
2363 2366 2
38 9619 2
11424 11460 2
18454 21317 2
15453 15454 2
36 54 2
2554 2555 2
1845 1947 2
15381 15606 2
38 15375 2
13287 13915 2
38 1544 2
2656 6968 2
3929 4009 2
17464 20176 2
4014 4419 2
7422 7423 2
8823 8824 2
38 175 2
3448 3926 2
9624 9628 2
4917 19809 2
38 2361 2
28123 28125 2
1888 1889 2
6016 8818 2
1905 3327 2
11680 11685 2
23069 29471 2
75 176 2
3926 4417 2
93 189 2
38 32615 2
104 32615 2
11599 11600 2
14251 14825 2
3459 3926 2
30115 32558 2
9467 9468 2
1559 5991 2
484 485 2
153 197 2
38 4930 2
8245 22885 2
18448 18449 2
1993 1994 2
38 6221 2
38 15372 2
38 32604 2
272 305 2
20757 30626 2
8884 18647 2
24347 24353 2
5 155 2
18456 29927 2
38 63 2
10390 29025 2
32648 32652 2
1860 1883 2
9662 26606 2
12191 12281 2
11436 11443 2
32601 32647 2
7433 7453 2
2022 2024 2
1905 3326 2
29816 29817 2
1905 1907 2
38 1952 2
38 32612 2
16479 16510 2
2313 20482 2
35 42 2
8822 8824 2
4424 4425 2
20183 28417 2
30 170 2
3010 3039 2
8824 8951 2
60 395 2
1544 1545 2
26117 27678 2
32617 32653 2
12051 32617 2
84 86 2
18307 18534 2
18455 21317 2
1423 25689 2
5991 6016 2
4536 4537 2
38 15855 2
491 493 2
15319 16691 2
12120 21999 2
38 4011 2
67 277 2
6197 6217 2
18765 27085 2
61 313 2
16254 16270 2
46 70 2
3041 3070 2
35 160 2
1888 1891 2
4001 5290 2
5567 5568 2
1980 1981 2
5290 5514 2
628 26021 2
5669 5670 2
21744 21745 2
19909 19910 2
17476 17477 2
1316 1317 2
38 68 2
38 5920 2
27479 27481 2
5362 5495 2
5686 5689 2
3039 3215 2
38 27600 2
12051 32616 2
3447 3924 2
11486 11615 2
12739 18306 2
11397 11459 2
1844 1948 2
5687 5689 2
159 398 2
6969 22198 2
38 30872 2
38 9424 2
38 1950 2
491 492 2
30 1918 2
20776 30626 2
12143 26457 2
194 279 2
9607 9608 2
3427 3433 2
2838 6268 2
2 279 2
1888 1892 2
67 191 2
38 6200 2
46 191 2
38 424 2
403 1241 2
2 29 2
8822 8951 2
38 3459 2
2316 27638 2
13454 19890 2
13319 13326 2
10903 21971 2
9610 9612 2
38 69 2
3392 3450 2
1843 1847 2
10893 11619 2
5614 5615 2
2447 2564 2
4421 5651 2
322 2641 2
38 9425 2
32542 32543 2
18231 25980 2
4018 4544 2
4917 4918 2
15503 15504 2
6944 22198 2
5669 5671 2
5848 5939 2
279 1544 2
13185 13272 2
10321 10893 2
61 311 2
1905 3328 2
1 1842 2
38 6201 2
1554 6016 2
4421 4422 2
26 658 2
29927 32542 2
26000 26003 2
3930 4377 2
3454 4015 2
9606 9608 2
15836 16253 2
403 1240 2
1944 1953 2
9622 9624 2
8817 8818 2
11968 11969 2
9043 9195 2
38 19890 2
14232 27608 2
1844 1950 2
13082 28446 2
32613 32649 2
13321 13920 2
1879 1930 2
38 4736 2
6207 31186 2
158 304 2
18473 18474 2
288 293 2
26489 27747 2
1856 1933 2
38 320 2
1848 1899 2
2639 2656 2
1900 1937 2
8884 28419 2
408 1597 2
8929 8934 2
11421 11460 2
19899 19901 2
38 5924 2
25929 32653 2
10554 11636 2
10321 10892 2
3928 3934 2
1857 1912 2
44 83 2
1481 9538 2
11823 11824 2
11419 11422 2
5845 5848 2
10953 11734 2
38 28771 2
11604 12273 2
38 313 2
26000 26004 2
3427 3463 2
2275 26564 2
38 3924 2
44 160 2
13272 18307 2
38 5917 2
1999 2361 2
75 194 2
329 371 2
762 1019 2
9291 9292 2
10893 11617 2
3429 3447 2
1848 1855 2
3396 3447 2
13082 28447 2
5 75 2
1861 1896 2
13270 18307 2
18727 20384 2
30 194 2
13358 28862 2
81 1842 2
11604 12274 2
38 28986 2
1911 1918 2
5905 5906 2
7420 7421 2
38 8930 2
19808 19809 2
3924 4513 2
18512 18514 2
1879 1961 2
30 62 2
30 32647 2
25929 32652 2
1846 1848 2
194 274 2
3451 4543 2
1901 2823 2
1865 2405 2
70 1544 2
1 372 2
4629 5678 2
11460 27506 2
1962 1963 2
38 18347 2
18453 19289 2
15494 15495 2
38 995 2
14097 14098 2
38 92 2
3926 3934 2
13277 18447 2
9055 9116 2
15005 17205 2
177 178 2
7434 7450 2
935 2589 2
2826 6268 2
38 3424 2
15372 16230 2
1864 1903 2
13454 19889 2
35 64 2
38 15373 2
1600 2641 2
3 30 2
7 160 2
13358 28863 2
322 1600 2
6216 6221 2
38 31155 2
38 1938 2
7420 7422 2
61 272 2
12051 32648 2
2365 2366 2
16255 16258 2
8823 8951 2
9419 32647 2
15402 15403 2
38 49 2
1939 1944 2
11615 11622 2
761 9529 2
15418 15419 2
18310 21310 2
65 160 2
8818 8956 2
1861 1893 2
26003 26004 2
1855 1966 2
405 1544 2
38 2275 2
38 13271 2
15371 15606 2
13274 13277 2
38 3463 2
4628 5680 2
4531 13328 2
95 304 2
4420 4422 2
88 151 2
1856 1858 2
15656 15658 2
1240 1241 2
2554 6968 2
33 78 2
13276 18361 2
3822 3824 2
1911 1912 2
10316 23077 2
38 2264 2
7420 7423 2
15756 15757 2
3452 4015 2
1992 1993 2
16418 16419 2
4000 5514 2
6968 12024 2
38 5290 2
194 272 2
25929 32648 2
8818 8970 2
9607 9609 2
1845 1962 2
8821 8823 2
7289 7302 2
9055 9118 2
9111 9112 2
88 188 2
8822 8823 2
1501 9572 2
1 293 2
8240 8245 2
5292 5647 2
38 25976 2
15369 15385 2
12742 23620 2
431 436 2
3927 4545 2
8942 15130 2
1856 1859 2
38 2542 2
5496 5497 2
279 405 2
3449 4011 2
70 405 2
78 162 2
13358 28861 2
38 184 2
15372 15386 2
1859 1899 2
38 2265 2
46 194 2
3393 3454 2
43 293 2
385 394 2
436 995 2
13273 18304 2
191 398 2
38 12024 2
60 313 2
3448 3935 2
44 184 2
87 88 2
29423 29427 2
5414 5416 2
38 2823 2
3926 3933 2
8821 8822 2
38 11424 2
13311 13916 2
38 4379 2
20 154 2
38 3431 2
7433 7457 2
9175 9200 2
1016 1037 2
1904 1907 2
301 9095 2
15509 15510 2
5991 8818 2
38 23731 2
4513 4546 2
29944 29953 2
11838 11841 2
1865 2398 2
38 325 2
29421 29423 2
12051 32653 2
38 9476 2
763 1019 2
24521 27476 2
13328 28804 2
43 194 2
4000 5516 2
4383 4384 2
38 5514 2
2657 2658 2
38 32559 2
14977 28978 2
3434 4378 2
4537 5982 2
3010 3087 2
1903 1948 2
1911 1933 2
18192 27437 2
16479 16820 2
9198 9200 2
3824 4608 2
10917 12165 2
11780 11800 2
1979 1994 2
38 21811 2
38 4376 2
38 21326 2
38 2848 2
8930 8945 2
15375 15658 2
2561 7235 2
38 32558 2
59 152 2
1872 1874 2
5945 5946 2
17482 17483 2
3453 3942 2
38 2554 2
25929 32612 2
62 274 2
15369 16230 2
28892 28907 2
29421 29422 2
12051 32652 2
10917 12236 2
38 24397 2
38 5289 2
2000 2361 2
3605 4114 2
38 279 2
2525 2554 2
548 2533 2
15005 28446 2
1861 1946 2
3933 3935 2
5358 5359 2
23604 30872 2
38 18348 2
15370 15403 2
4539 5982 2
89 189 2
11397 11421 2
7449 7451 2
18354 18727 2
1 196 2
15432 15433 2
6195 11424 2
1882 1914 2
3392 3442 2
38 29027 2
1000 1037 2
2314 20482 2
330 331 2
27438 27439 2
3443 3452 2
4006 5292 2
18727 24337 2
38 7452 2
35 289 2
18354 20384 2
2073 14149 2
83 154 2
38 28365 2
11527 21954 2
38 1341 2
1975 1994 2
34 2613 2
10953 11805 2
38 9461 2
27600 29423 2
38 6955 2
2057 2059 2
701 799 2
3927 4018 2
27485 27664 2
38 11591 2
3458 4419 2
2441 3327 2
17805 27085 2
38 18727 2
26404 27805 2
18192 27439 2
3294 11726 2
4540 5508 2
44 46 2
4927 4930 2
63 65 2
38 25980 2
15369 15389 2
1882 1915 2
31155 31156 2
2268 26041 2
5684 5685 2
62 1544 2
29244 29344 2
2148 2404 2
11823 11826 2
18454 18455 2
1501 7453 2
15385 15393 2
70 184 2
374 1240 2
188 1257 2
4113 21271 2
10372 10953 2
38 5980 2
3440 5359 2
166 7235 2
326 1562 2
1904 3327 2
15658 15661 2
2816 2864 2
3455 3458 2
1948 1949 2
19889 19890 2
48 191 2
15370 15607 2
38 18338 2
30 1856 2
38 3455 2
701 1045 2
11421 11424 2
38 4418 2
3294 11727 2
10347 11800 2
12273 12274 2
28909 28913 2
1596 2656 2
38 26003 2
38 18534 2
2410 2442 2
32616 32648 2
30106 30107 2
375 1256 2
25973 25977 2
1872 1873 2
10555 11632 2
280 312 2
29815 29817 2
62 1545 2
9195 9496 2
9431 9432 2
25929 32617 2
1918 2398 2
60 274 2
38 2306 2
61 184 2
1556 6007 2
1901 2843 2
25975 25976 2
2341 2366 2
3927 4008 2
1893 2827 2
26040 26041 2
28903 28911 2
9175 9491 2
11434 11436 2
4970 5402 2
24 658 2
32616 32617 2
31568 31570 2
38 11589 2
3929 5508 2
92 189 2
11825 11826 2
26404 27807 2
1842 1901 2
1941 1943 2
11734 11835 2
3430 3935 2
70 272 2
18304 18350 2
1275 1276 2
38 26000 2
72 1850 2
32612 32652 2
1882 1913 2
38 2231 2
188 189 2
3 1850 2
1908 11259 2
27437 27439 2
1848 1881 2
7429 7434 2
2072 2073 2
3997 28855 2
25973 25976 2
4917 4936 2
1862 1943 2
184 1544 2
3450 3927 2
38 13454 2
25929 32616 2
38 9420 2
331 371 2
38 3294 2
1266 2643 2
21964 23050 2
12528 24349 2
38 2611 2
62 65 2
3464 4381 2
2398 11874 2
374 403 2
70 154 2
1860 1865 2
2075 2349 2
11459 26050 2
1553 1559 2
12051 32612 2
1941 1942 2
2 191 2
5980 5981 2
11425 14168 2
9606 9607 2
3 45 2
3935 4013 2
11419 22053 2
3 1902 2
5917 5918 2
701 800 2
10917 12160 2
44 1902 2
2536 2537 2
15838 16260 2
32612 32653 2
1296 1297 2
799 9515 2
18308 18535 2
31155 31161 2
27437 27438 2
11787 11799 2
6178 8934 2
32648 32653 2
184 274 2
3925 3927 2
272 1544 2
1925 1984 2
29422 29423 2
10372 11805 2
27741 27742 2
3393 4019 2
158 283 2
9200 9491 2
3464 4382 2
3460 3926 2
11734 11805 2
1856 2827 2
4970 5400 2
4222 5285 2
35 63 2
11472 11518 2
6179 21145 2
24698 24699 2
34 95 2
38 6197 2
3010 3018 2
16270 16271 2
4530 5524 2
29884 29886 2
38 6015 2
38 1600 2
164 283 2
4541 5508 2
1967 1972 2
30041 30104 2
320 321 2
62 300 2
38 15376 2
15731 15733 2
38 336 2
15130 27340 2
38 1241 2
1035 1071 2
27438 27440 2
32612 32616 2
28973 28974 2
100 388 2
3013 3087 2
492 493 2
38 2660 2
1852 1977 2
5593 5620 2
71 73 2
41 398 2
7439 7443 2
18451 18727 2
3464 4006 2
1890 2823 2
7435 9572 2
75 1565 2
1842 1860 2
1929 1961 2
16610 27932 2
3 64 2
38 2527 2
38 32616 2
7449 7457 2
1897 1943 2
5594 5595 2
5135 28862 2
32 33 2
7449 7453 2
2029 2030 2
4381 5649 2
70 279 2
3937 4380 2
38 1436 2
10372 11734 2
1933 11875 1
38 27685 1
1912 1913 1
29008 29009 1
137 26606 1
38 149 1
18303 18361 1
38 15377 1
12273 24540 1
32616 32652 1
9044 9492 1
1972 1975 1
1842 1951 1
15731 15732 1
11400 26553 1
1913 1918 1
669 672 1
11381 11796 1
14622 14624 1
38 9488 1
9116 9118 1
12282 24540 1
51 85 1
1001 1016 1
156 306 1
9064 9067 1
1552 6006 1
27497 27678 1
6969 6970 1
20776 30073 1
5693 5694 1
52 1538 1
12110 12162 1
12855 13048 1
38 17488 1
2361 2671 1
160 306 1
11613 11622 1
5901 5903 1
26089 26090 1
3439 3462 1
22007 22008 1
1903 1911 1
4117 5546 1
9483 9639 1
4 7 1
38 18352 1
38 1598 1
75 154 1
8825 8916 1
3427 3450 1
11274 11276 1
288 9157 1
7439 7442 1
272 401 1
16254 16258 1
12482 12483 1
3041 3042 1
3942 3943 1
11422 21971 1
320 1598 1
29815 29829 1
14260 14778 1
1966 1968 1
3393 4017 1
42 6004 1
7440 7449 1
38 18515 1
3294 11803 1
24348 24351 1
38 8245 1
761 1037 1
12528 12529 1
7 72 1
38 16255 1
11699 11855 1
11680 11691 1
21935 21938 1
38 17479 1
24353 24365 1
38 21310 1
2363 11874 1
165 167 1
38 11840 1
13326 13920 1
11612 11623 1
27107 27108 1
11612 22008 1
29219 31180 1
15532 15534 1
3294 11732 1
38 1973 1
155 159 1
11667 11668 1
9126 9127 1
38 18310 1
4930 4932 1
28351 28353 1
10268 10269 1
2715 27852 1
13319 13323 1
2680 11274 1
1844 1883 1
15888 15889 1
1883 1947 1
7 63 1
30 9287 1
81 82 1
288 6971 1
9087 9137 1
38 21775 1
11422 26553 1
38 8240 1
6179 6182 1
9571 9584 1
5363 5495 1
38 3440 1
7433 7436 1
762 1070 1
38 6187 1
15123 18191 1
1842 1897 1
13323 13324 1
18308 21310 1
27664 27750 1
1921 1989 1
18354 18654 1
38 16943 1
26487 27747 1
3450 3451 1
1047 27463 1
11518 26349 1
38 1044 1
18447 18448 1
863 865 1
11408 26041 1
15369 15653 1
30 19815 1
11431 11433 1
1933 11874 1
29 43 1
24349 24353 1
4030 4031 1
11459 11461 1
38 20339 1
2275 6188 1
32612 32648 1
1858 1859 1
9426 9427 1
26087 26089 1
4254 4257 1
1855 1860 1
7438 7447 1
38 11461 1
3449 3927 1
5686 5688 1
38 9568 1
2 65 1
1552 6007 1
1967 2662 1
78 1934 1
13271 23890 1
2166 2167 1
9102 9600 1
1213 1593 1
7432 7438 1
15508 15509 1
53 1538 1
1918 1957 1
28418 28426 1
15374 16353 1
1978 2864 1
3452 4017 1
2400 2671 1
156 182 1
3452 4744 1
38 182 1
1915 1916 1
27852 29178 1
8935 9028 1
18303 20387 1
38 400 1
6497 6562 1
7484 8245 1
28 158 1
12002 12232 1
4531 28804 1
7484 8239 1
7442 7444 1
3039 3047 1
38 7221 1
6184 20339 1
1865 3328 1
2137 10795 1
38 1896 1
61 405 1
7440 7442 1
31570 31571 1
4227 4228 1
707 760 1
2355 29006 1
28899 28905 1
28905 28914 1
54 2612 1
18727 23890 1
13288 13291 1
3924 5981 1
11522 14279 1
30 43 1
5693 5697 1
4589 5928 1
8956 8978 1
1918 1985 1
11441 12116 1
38 5748 1
714 1466 1
3452 3942 1
761 1021 1
11699 11854 1
5813 5814 1
5839 5841 1
28367 28374 1
18192 27465 1
18347 18348 1
8825 8951 1
3294 11733 1
4 282 1
9625 9627 1
1315 1318 1
19891 19902 1
12850 28364 1
12528 24366 1
28351 28352 1
35 194 1
1930 8804 1
392 14977 1
38 11676 1
14249 14251 1
18193 18195 1
2275 27483 1
1999 2001 1
3431 3459 1
27480 27481 1
22053 26553 1
28365 28374 1
4300 28942 1
38 4420 1
2402 11627 1
170 172 1
11245 14832 1
3922 3942 1
4006 5359 1
38 15595 1
12252 26101 1
11727 11847 1
115 1271 1
18305 18347 1
4032 4034 1
9043 9496 1
20815 30072 1
11904 11907 1
60 70 1
1967 1969 1
18345 20384 1
3935 4009 1
15380 15381 1
29417 29419 1
49 300 1
10107 28776 1
18344 18352 1
2275 2276 1
31568 31569 1
1951 1990 1
4001 5514 1
762 763 1
1973 1991 1
92 100 1
1985 11596 1
1337 1338 1
184 1410 1
2306 10917 1
11515 14279 1
38 4348 1
1900 11875 1
3457 4376 1
14825 14826 1
38 25975 1
4509 4742 1
5659 5660 1
163 2657 1
5 82 1
11424 21971 1
2756 11810 1
1859 1912 1
155 282 1
38 21319 1
12120 21746 1
4536 5979 1
1929 1942 1
4 45 1
15731 15734 1
2174 10930 1
3453 4544 1
10786 11245 1
6006 8956 1
18453 21319 1
1499 1504 1
41 194 1
1037 9529 1
4000 4594 1
3443 3446 1
7 1902 1
38 32551 1
825 827 1
1845 2827 1
15381 16230 1
2533 7396 1
30105 30154 1
6183 21326 1
1862 1928 1
4634 5664 1
38 664 1
7432 7439 1
6221 6223 1
20777 30156 1
2000 2826 1
1899 11875 1
5684 5692 1
1915 1934 1
3824 5692 1
28861 28864 1
1915 1919 1
194 401 1
28125 28379 1
15372 15373 1
7882 20781 1
11434 11442 1
38 401 1
4546 5983 1
38 1596 1
15376 15656 1
30 4509 1
61 65 1
7442 7445 1
1856 1948 1
38 371 1
1847 1851 1
11707 11708 1
38 1897 1
27498 27678 1
1267 28977 1
27106 27107 1
11527 27495 1
1985 2148 1
16270 16431 1
16592 28344 1
11276 11848 1
15371 15658 1
14589 22055 1
707 761 1
38 19319 1
6179 23620 1
3429 4742 1
191 1902 1
18505 18515 1
4929 19457 1
30 1903 1
3451 4015 1
2729 27740 1
336 6945 1
3010 3042 1
15373 15381 1
38 163 1
18265 18266 1
1017 1071 1
38 17477 1
5598 5599 1
38 2838 1
1949 1966 1
1913 8804 1
13233 28426 1
38 5504 1
18354 24337 1
4874 4875 1
18309 18335 1
10892 11619 1
25638 28996 1
11416 26117 1
11308 29471 1
46 84 1
768 1474 1
11632 11633 1
92 385 1
2680 11276 1
9064 9125 1
38 27093 1
38 29428 1
1213 7459 1
38 21938 1
5482 5483 1
1116 7266 1
1918 1939 1
11688 28614 1
20339 20417 1
92 190 1
314 315 1
1851 1962 1
18175 28433 1
38 4421 1
38 27708 1
38 2753 1
371 548 1
70 1410 1
3010 3077 1
2361 2838 1
376 1257 1
32649 32653 1
1844 8804 1
6180 19282 1
184 401 1
11727 11846 1
28 33 1
1599 1601 1
1899 1991 1
38 11874 1
7454 7455 1
13323 13326 1
5361 5362 1
38 3471 1
193 305 1
26097 26143 1
4383 4599 1
30 3451 1
1423 28789 1
29423 29428 1
26558 27479 1
29417 29418 1
114 1271 1
38 15329 1
1844 1930 1
2402 2838 1
38 2012 1
16690 16820 1
26486 27747 1
29927 30223 1
38 21756 1
30 15306 1
21933 21972 1
1012 7248 1
16236 16237 1
22 1722 1
7434 7436 1
4270 4970 1
28996 28997 1
18537 20776 1
2732 27475 1
14230 14251 1
5824 5825 1
8935 9691 1
38 825 1
10251 18753 1
38 27736 1
3470 3473 1
21963 24540 1
51 303 1
165 283 1
1846 1859 1
506 507 1
5972 5973 1
56 326 1
38 106 1
38 11839 1
14825 27530 1
3924 4010 1
1208 9569 1
14235 14236 1
28912 28913 1
1012 1033 1
12275 27611 1
27497 27498 1
11381 11793 1
11463 20482 1
15130 27336 1
11550 11551 1
38 32548 1
79 95 1
3429 3448 1
38 8945 1
11713 11714 1
18127 27351 1
401 405 1
38 4982 1
26487 26489 1
16477 27932 1
4634 5665 1
38 29244 1
12048 16955 1
7434 7456 1
8709 28797 1
1945 1948 1
11855 11857 1
1089 1110 1
23869 24341 1
17486 17487 1
38 20177 1
100 384 1
1976 1993 1
8945 16445 1
12159 12165 1
5684 5693 1
2995 3053 1
3452 4019 1
38 5928 1
1890 1892 1
4885 4890 1
15372 15374 1
3461 4007 1
11434 11443 1
20384 20387 1
2679 2680 1
1937 1938 1
4546 5980 1
2020 2353 1
14794 21972 1
753 784 1
5846 5940 1
1384 1385 1
38 1902 1
331 548 1
2276 26564 1
49 85 1
28905 28912 1
11854 11855 1
13286 13287 1
9144 9253 1
1975 2662 1
18192 27464 1
27449 27453 1
20815 30157 1
38 18518 1
38 6323 1
11459 26553 1
38 5738 1
101 6977 1
3455 3463 1
23069 23070 1
4929 4932 1
272 1410 1
32545 32546 1
8818 12451 1
14779 26107 1
1882 1928 1
7430 7437 1
11000 27852 1
26000 26008 1
118 120 1
8815 8930 1
3992 5290 1
12850 28362 1
27692 27694 1
2756 10986 1
2313 11464 1
156 1536 1
9612 9613 1
18354 23890 1
38 1253 1
5363 5368 1
7 282 1
1944 1989 1
2542 2554 1
162 304 1
38 16812 1
18466 32558 1
11726 11734 1
7184 28770 1
3996 4000 1
15513 15619 1
38 27709 1
15123 18192 1
5263 5264 1
32649 32652 1
4086 5626 1
14249 14826 1
29 279 1
8695 17039 1
10950 29115 1
38 79 1
38 2867 1
11668 11669 1
19892 19902 1
9169 9299 1
5950 5951 1
108 9407 1
38 32569 1
11604 24540 1
6002 6003 1
38 3994 1
18727 30870 1
18335 18725 1
801 1149 1
8765 9543 1
3458 3925 1
2827 2838 1
11279 11718 1
2227 12088 1
13328 28871 1
13830 28936 1
1864 1952 1
287 7396 1
999 6947 1
38 28893 1
1032 1033 1
4011 5652 1
5675 5683 1
6201 29244 1
1985 1986 1
80 159 1
18309 18450 1
27229 27230 1
12231 26102 1
38 5359 1
38 21317 1
134 26606 1
1965 1967 1
17447 17450 1
38 107 1
6003 9031 1
3470 5647 1
13358 28864 1
2848 10258 1
28893 28896 1
14238 27498 1
26087 26090 1
14238 27678 1
9087 9283 1
38 9605 1
1054 1055 1
1923 2138 1
9605 9636 1
38 2818 1
5969 5971 1
8240 22885 1
25974 25977 1
30 163 1
1170 16885 1
38 29471 1
67 75 1
5684 5694 1
1976 1977 1
321 325 1
30 20177 1
330 6945 1
38 858 1
3454 5653 1
3824 5694 1
2174 29117 1
62 63 1
38 5304 1
4885 4889 1
15385 15653 1
27634 27678 1
12002 12231 1
4546 5981 1
13274 18304 1
13274 23487 1
7442 7443 1
21323 21326 1
4 289 1
3393 4544 1
5846 5941 1
3018 3077 1
19878 19880 1
38 20781 1
1814 9537 1
32614 32648 1
19896 19898 1
21145 23620 1
5818 5821 1
12177 23070 1
16270 16429 1
68 176 1
24540 26453 1
10380 11780 1
15374 15381 1
5969 5970 1
11852 21743 1
28906 28907 1
12854 13048 1
2671 2827 1
4506 5979 1
30 46 1
11729 21798 1
43 62 1
38 5739 1
38 26107 1
15832 16269 1
3923 3924 1
38 11449 1
30157 30158 1
9484 9639 1
4000 5515 1
1555 27298 1
38 11930 1
1500 1501 1
4402 19909 1
371 9157 1
5593 5595 1
4910 4911 1
4918 19808 1
11534 26143 1
38 5510 1
1144 1145 1
26000 26009 1
15385 15395 1
3455 4011 1
63 1850 1
3927 3942 1
27692 27695 1
5289 5518 1
15371 15389 1
104 32612 1
13176 28381 1
707 1037 1
7186 16955 1
3428 3449 1
9089 9090 1
38 20387 1
41 8961 1
3473 3992 1
18466 32559 1
336 371 1
11726 11735 1
2 63 1
4274 4275 1
9520 9521 1
18195 27463 1
9112 9113 1
3996 4001 1
15513 15618 1
2995 2999 1
38 7882 1
38 6001 1
38 253 1
14249 14825 1
3932 4378 1
5678 5691 1
27695 27698 1
1018 26026 1
4594 5516 1
38 19814 1
24362 24367 1
38 4074 1
4001 5519 1
5939 5941 1
21971 27506 1
11422 27530 1
15895 15896 1
3471 3473 1
320 322 1
28897 28906 1
4394 19907 1
984 1246 1
829 830 1
52 329 1
8930 8933 1
1844 11874 1
13323 13920 1
191 279 1
4544 4545 1
4536 4547 1
12231 26097 1
1846 1857 1
4360 4361 1
5972 5975 1
1208 9571 1
38 9432 1
1855 2398 1
16826 16963 1
2268 12002 1
38 13282 1
4001 4008 1
38 32602 1
18344 18351 1
28891 28896 1
7881 30626 1
31153 31156 1
35 159 1
18472 23624 1
11532 26135 1
28369 28370 1
38 3937 1
22894 25970 1
6183 21323 1
15370 15653 1
18345 30870 1
5 80 1
15373 16230 1
1893 1977 1
2991 3037 1
1976 1995 1
2052 2053 1
5684 5695 1
6200 6202 1
1902 1963 1
3396 4541 1
3824 5695 1
1912 1915 1
1949 1991 1
9081 9169 1
6735 28767 1
2988 2990 1
21 1051 1
371 6971 1
9084 9634 1
1913 1934 1
1955 1989 1
1930 1952 1
1018 28774 1
61 401 1
1930 1942 1
810 811 1
11981 12155 1
16547 16556 1
2671 2826 1
30 156 1
27483 27677 1
4589 5924 1
1922 1934 1
7433 7451 1
26052 27471 1
3010 3041 1
2270 2275 1
4219 4950 1
11460 11720 1
3018 3021 1
2287 31177 1
15381 15395 1
398 6971 1
12268 12272 1
191 401 1
27236 27237 1
85 153 1
1500 1502 1
8817 8970 1
22 1055 1
24129 32550 1
4918 19809 1
15740 16249 1
38 432 1
1928 11875 1
4164 4165 1
2362 2824 1
26000 26010 1
38 1966 1
15718 15719 1
29417 29427 1
14838 27807 1
5289 5517 1
2268 12232 1
32615 32617 1
38 3934 1
16419 16420 1
18337 18340 1
44 61 1
11726 11732 1
2361 2399 1
28887 28892 1
38 18544 1
13290 13291 1
9182 9492 1
405 1410 1
2056 2057 1
38 28855 1
71 1842 1
28067 28391 1
38 784 1
5829 13503 1
324 1253 1
4028 4029 1
30072 30157 1
4086 5624 1
194 1544 1
11679 11682 1
322 547 1
3679 5685 1
38 19845 1
15652 15653 1
9089 9284 1
336 2641 1
40 46 1
38 19815 1
15402 15404 1
1865 1913 1
9425 9427 1
32615 32653 1
8765 9541 1
38 21747 1
6188 27483 1
38 9620 1
4741 13363 1
28887 28891 1
3679 4608 1
1410 1544 1
164 167 1
28362 28367 1
12231 26143 1
2673 10263 1
415 1345 1
18537 20781 1
331 9157 1
4888 5489 1
30 19816 1
32 1899 1
3929 5496 1
156 312 1
16417 16419 1
3944 4383 1
11422 14251 1
38 1874 1
5694 5695 1
4421 4423 1
65 156 1
1948 2839 1
4536 5983 1
56 329 1
38 105 1
1502 1503 1
1313 1315 1
292 371 1
1855 1859 1
4008 4594 1
1930 1933 1
28899 28912 1
27638 27639 1
182 194 1
78 1939 1
3393 4015 1
3393 4744 1
12106 14606 1
38 6971 1
58 153 1
12116 21965 1
1889 2000 1
1881 1952 1
13271 18336 1
100 387 1
24347 24351 1
38 16378 1
28418 28423 1
3923 4509 1
3427 3927 1
2001 2671 1
1842 1883 1
66 160 1
322 329 1
1900 2848 1
3925 3935 1
1930 11874 1
4546 5979 1
9185 9187 1
38 12088 1
3039 3042 1
13185 13276 1
11655 11656 1
1865 1952 1
4528 28805 1
3002 3077 1
18345 18354 1
1033 1203 1
15306 27932 1
11921 14625 1
11853 11856 1
38 1502 1
17148 17149 1
23890 24338 1
3605 5549 1
4594 5519 1
20776 30156 1
12482 24394 1
43 274 1
11292 11294 1
38 23753 1
4589 5923 1
38 4546 1
38 8239 1
18309 18725 1
32 1939 1
3923 4537 1
1044 18193 1
7450 7456 1
9273 9484 1
1850 1855 1
1881 2363 1
2001 2361 1
3467 5650 1
10795 11769 1
322 8935 1
7186 16832 1
1500 1503 1
1850 1966 1
38 2826 1
3002 3039 1
27600 29427 1
26000 26011 1
19895 19897 1
18544 20784 1
78 2613 1
65 279 1
6370 10955 1
2001 2838 1
10554 11634 1
18199 27351 1
32615 32616 1
9137 9284 1
4927 19457 1
1883 1888 1
46 314 1
41 6002 1
16419 16423 1
1897 1945 1
11726 11733 1
38 10845 1
30 1852 1
18537 20784 1
38 23620 1
18195 27465 1
38 26109 1
38 3434 1
5684 5697 1
38 6189 1
29420 29422 1
4086 5625 1
16252 16260 1
3442 3451 1
38 66 1
326 329 1
3463 4006 1
3679 5684 1
11408 11534 1
2200 2201 1
3434 5508 1
1851 1902 1
1396 1397 1
5678 5689 1
11400 11955 1
56 2612 1
2 196 1
4594 5514 1
15462 15465 1
5665 5667 1
11421 21971 1
18510 18511 1
2675 10263 1
32615 32652 1
3024 23095 1
1217 1219 1
2869 11584 1
38 6940 1
32612 32613 1
28362 28364 1
20 75 1
4889 4890 1
4016 4544 1
38 4539 1
12281 23050 1
3018 3047 1
16255 16431 1
38 6217 1
38 27740 1
7447 8765 1
182 276 1
80 289 1
38 110 1
1853 2398 1
1851 1964 1
20384 23890 1
371 6945 1
14238 27497 1
38 13280 1
13502 13503 1
17823 27174 1
1900 1955 1
2856 26332 1
2856 10413 1
6734 6960 1
16958 28771 1
5847 5941 1
38 26606 1
38 3943 1
6183 21317 1
12220 29006 1
25974 25980 1
30 166 1
54 56 1
4740 4741 1
1946 2816 1
1879 1942 1
22618 22619 1
18355 18356 1
829 832 1
762 26026 1
6780 16839 1
11638 11639 1
1976 1980 1
38 857 1
38 27768 1
16963 28770 1
38 17490 1
27852 29025 1
279 1410 1
18345 18727 1
15385 15658 1
32612 32649 1
38 394 1
3077 3087 1
38 9466 1
18544 20757 1
1985 10263 1
20334 20335 1
35 300 1
16270 16432 1
11853 11855 1
38 1503 1
1856 1991 1
3441 5284 1
5514 5519 1
3448 4013 1
753 1027 1
11422 11461 1
43 277 1
6217 31000 1
547 2641 1
8823 9021 1
28904 28905 1
23 1837 1
10903 11527 1
16594 23873 1
707 9529 1
23052 23053 1
1864 1866 1
11680 11682 1
7450 7457 1
15381 15393 1
398 6969 1
1912 1945 1
7435 7450 1
11793 11798 1
27463 27465 1
4429 4430 1
2287 11929 1
184 311 1
4537 4742 1
3 72 1
371 1538 1
3942 4011 1
11464 11923 1
7429 7453 1
104 12051 1
28122 28362 1
4867 4909 1
38 29417 1
92 188 1
281 283 1
38 3465 1
2406 3327 1
81 87 1
15494 15579 1
3939 3940 1
18195 27464 1
2146 26534 1
28862 28866 1
11617 11618 1
38 7881 1
11259 11260 1
2230 29246 1
17821 17823 1
9085 9086 1
5362 5368 1
1882 1896 1
8934 9691 1
1502 1505 1
40 6006 1
1561 1562 1
3047 3077 1
31138 31140 1
38 28362 1
5678 5694 1
32617 32649 1
12051 32613 1
10865 21812 1
19910 19916 1
38 24698 1
2248 2249 1
19893 19894 1
11725 11804 1
1969 1976 1
783 784 1
1908 11875 1
38 27114 1
4006 5648 1
20 84 1
21810 21811 1
162 165 1
3471 3472 1
11826 11827 1
5599 5601 1
38 6222 1
21788 21789 1
11422 14249 1
24043 29944 1
38 5264 1
2000 2400 1
38 111 1
7451 7456 1
6179 19282 1
1859 1948 1
10955 11733 1
179 180 1
38 707 1
38 13281 1
6211 26091 1
30 1277 1
3294 10955 1
3431 3935 1
3429 3457 1
287 331 1
1033 1467 1
15606 16230 1
279 311 1
1865 1930 1
18335 18336 1
3454 4011 1
5969 5975 1
11921 14651 1
28426 28429 1
22894 25969 1
10865 21811 1
29451 31158 1
2826 11627 1
1805 1806 1
2807 10390 1
2827 6268 1
25932 25970 1
38 6969 1
797 14104 1
3393 3934 1
15452 15453 1
4736 5514 1
12159 12160 1
1898 1951 1
9608 9610 1
38 2562 1
3427 4006 1
1902 1966 1
11838 27666 1
11929 22007 1
11793 27591 1
1493 1495 1
38 56 1
6974 26034 1
13264 28423 1
38 395 1
38 27306 1
9624 9626 1
3929 4378 1
3927 3934 1
4392 4413 1
21938 27484 1
38 2363 1
26486 26488 1
1999 6268 1
2010 2856 1
13290 13915 1
28375 28376 1
135 137 1
11854 11856 1
11853 11854 1
38 1500 1
15374 15385 1
23889 29900 1
2285 26142 1
2641 6944 1
1 1848 1
8823 9020 1
4594 4736 1
2317 12123 1
38 6324 1
16595 24343 1
284 312 1
67 184 1
1864 1867 1
43 67 1
1044 18195 1
1850 1853 1
24344 24346 1
95 162 1
5659 5661 1
28892 28894 1
26000 26013 1
32613 32617 1
13275 21305 1
9042 9604 1
1044 27463 1
9126 9397 1
69 182 1
5517 5518 1
104 32616 1
15379 15390 1
5679 5686 1
38 3933 1
44 282 1
285 2548 1
83 1845 1
30 1536 1
5844 5845 1
18183 27341 1
1972 2662 1
3822 5678 1
38 14779 1
28362 28374 1
9611 9613 1
118 1272 1
38 3432 1
1978 2816 1
15369 15379 1
1866 2405 1
2075 27669 1
3460 4013 1
11400 26167 1
197 7372 1
19 292 1
4398 19910 1
5 281 1
13264 17464 1
56 287 1
15834 16258 1
3679 5686 1
2525 12024 1
3994 5290 1
11398 26117 1
18451 23890 1
5678 5695 1
2827 11627 1
14088 16949 1
2542 7233 1
4737 5650 1
38 1880 1
8822 9020 1
1948 2841 1
3393 3460 1
4423 5651 1
5991 8970 1
3452 4544 1
15306 16610 1
38 13283 1
336 339 1
12166 12238 1
38 5845 1
2671 11627 1
69 1536 1
2 277 1
1562 2612 1
2001 6268 1
2443 3327 1
29 35 1
18108 18115 1
3037 23095 1
26135 27483 1
1846 1861 1
38 108 1
18308 18310 1
1851 1966 1
15893 15894 1
10955 11732 1
56 1561 1
1033 1466 1
13270 18450 1
27485 27750 1
1557 6016 1
18509 18511 1
38 14561 1
6216 29244 1
11923 12255 1
2641 6971 1
3393 4012 1
1971 1974 1
1984 2148 1
11279 31566 1
321 1598 1
30 70 1
13301 13916 1
3929 5497 1
11708 11709 1
5684 5691 1
8823 8825 1
38 2563 1
38 30033 1
11499 23051 1
5664 5665 1
13176 18212 1
19914 28862 1
11425 11527 1
4 159 1
3926 4010 1
12002 26097 1
26008 26011 1
29 272 1
1842 1848 1
8825 9021 1
20781 30626 1
7 1850 1
1561 2612 1
38 26158 1
26486 26489 1
38 4007 1
182 306 1
1857 1894 1
18466 30115 1
38 8806 1
29829 29830 1
5913 5915 1
26097 26102 1
2671 2838 1
3929 3930 1
4223 5284 1
4284 4911 1
38 18504 1
2542 2656 1
38 5740 1
2400 6268 1
4932 19457 1
29413 29420 1
12280 21963 1
16379 16380 1
1842 1914 1
11697 11698 1
1842 1997 1
23091 23092 1
4006 4416 1
1089 9519 1
5290 5519 1
38 27351 1
9048 9281 1
3396 4417 1
38 9444 1
11124 11126 1
14826 27530 1
38 13279 1
3 61 1
23 38 1
26091 26092 1
11460 21707 1
23867 23869 1
11836 11838 1
38 1853 1
2001 2827 1
29417 29431 1
38 17178 1
2266 2325 1
1 6006 1
104 32617 1
10554 10555 1
285 2547 1
38 21707 1
1842 2827 1
16419 16424 1
38 9090 1
2402 2671 1
18544 21326 1
13288 13936 1
83 1844 1
38 6942 1
155 158 1
191 1850 1
4114 5631 1
2807 11789 1
5516 5519 1
15654 15655 1
1864 1930 1
11268 29115 1
3018 3022 1
38 4589 1
15371 15653 1
4902 5454 1
28862 28864 1
3034 3036 1
38 27703 1
1842 2848 1
15407 15408 1
30115 32559 1
11634 11638 1
4006 4381 1
95 12051 1
335 6944 1
38 2869 1
15381 15653 1
40 6008 1
5684 5688 1
15834 16259 1
5678 5692 1
12051 32615 1
15394 16236 1
8822 9021 1
18307 18532 1
411 413 1
4422 4423 1
36 38 1
2275 11533 1
38 3996 1
2275 11930 1
38 11696 1
32615 32649 1
12160 23062 1
11259 11794 1
19401 19877 1
6014 15351 1
13272 18532 1
11461 27470 1
1053 1091 1
6016 12451 1
682 683 1
11432 11433 1
27742 27743 1
3018 3042 1
760 761 1
38 171 1
52 197 1
38 27731 1
5486 5970 1
10069 28382 1
81 1848 1
12250 26564 1
4000 5283 1
2000 2402 1
38 109 1
9110 9114 1
10955 11735 1
38 335 1
38 13287 1
1559 12451 1
3431 4014 1
38 27464 1
1849 1855 1
4927 19812 1
2123 2124 1
13286 13288 1
1844 1909 1
455 456 1
5969 5973 1
38 26605 1
38 16396 1
38 28369 1
84 196 1
10797 11856 1
1893 2841 1
6968 7233 1
3392 3445 1
30 71 1
3938 3940 1
2156 2344 1
4386 5651 1
13324 13326 1
38 27805 1
4890 4891 1
5 156 1
1863 1883 1
4536 4742 1
3427 4008 1
1902 1964 1
3824 5684 1
38 17489 1
15390 15661 1
2001 2402 1
9663 15351 1
18304 18340 1
322 325 1
15732 15733 1
154 301 1
1340 1341 1
38 22198 1
20784 30626 1
1268 28992 1
8818 8978 1
15371 16230 1
7 1845 1
38 1889 1
1860 1882 1
1943 1953 1
38 7436 1
38 1264 1
4423 5986 1
1857 1893 1
8884 18917 1
27093 28408 1
5292 5359 1
82 1850 1
1888 2000 1
7440 7443 1
30 13275 1
38 18505 1
15370 15396 1
89 26034 1
21938 27731 1
13271 24338 1
11682 11696 1
306 1536 1
1596 6955 1
26003 26009 1
2400 2402 1
24366 24369 1
4909 4911 1
38 1901 1
12525 12527 1
5290 5516 1
1019 28774 1
9048 9282 1
29398 29446 1
113 8109 1
336 9157 1
2012 2664 1
38 1955 1
11604 26453 1
4422 5986 1
3 60 1
16253 16269 1
11610 21753 1
3257 3261 1
2333 11932 1
2001 2826 1
38 27711 1
11852 11856 1
3942 4014 1
1943 1989 1
2402 2826 1
763 26026 1
325 1600 1
13732 28920 1
15836 16252 1
28122 28361 1
409 7233 1
8695 8696 1
7 70 1
2361 2402 1
38 18458 1
4425 5986 1
19848 19849 1
20 395 1
4888 4889 1
28862 28865 1
15369 15377 1
2080 11810 1
1919 1934 1
2443 3328 1
1894 1895 1
9055 9287 1
15377 15408 1
9417 9419 1
4531 28871 1
30 16510 1
38 1999 1
5678 5693 1
1967 1976 1
287 336 1
35 395 1
1948 2843 1
35 280 1
16420 16423 1
9127 9397 1
5820 5822 1
9126 9286 1
7432 7452 1
30 1933 1
1889 1999 1
11459 21971 1
5602 5603 1
1952 8804 1
9176 9299 1
93 26034 1
11726 11846 1
33 38 1
4931 19812 1
11274 11848 1
1845 1946 1
5486 5971 1
5226 6521 1
16832 16834 1
5979 5982 1
5682 5684 1
2000 2403 1
5485 5975 1
3047 3087 1
10955 11734 1
1845 2398 1
13164 13169 1
189 1540 1
155 160 1
38 13284 1
6211 26092 1
2046 2047 1
38 9487 1
28507 28515 1
2988 2991 1
1782 1783 1
5969 5972 1
5401 5403 1
38 28374 1
2355 2665 1
1080 1081 1
2869 11583 1
2641 6969 1
38 9660 1
2863 11781 1
27708 27709 1
9536 17362 1
3446 4744 1
7443 7444 1
38 627 1
23066 23067 1
4000 5288 1
3427 4011 1
38 172 1
3460 3943 1
2167 2168 1
25929 32649 1
20781 21326 1
160 280 1
38 27465 1
27600 29428 1
4643 6380 1
38 9289 1
26008 26013 1
3436 3454 1
4917 19808 1
38 9515 1
3928 3930 1
46 65 1
38 7437 1
3455 3456 1
38 8804 1
4888 4890 1
1962 1966 1
38 5651 1
5822 5824 1
1867 11874 1
11613 11615 1
11680 11686 1
29 154 1
11752 29471 1
15490 15491 1
4909 5396 1
10391 29022 1
2314 11463 1
1986 10263 1
1868 1930 1
1952 11874 1
3930 4378 1
3 63 1
27129 27130 1
93 188 1
38 1154 1
23620 24341 1
15371 15378 1
18451 18654 1
16477 16478 1
1984 2675 1
2402 2827 1
169 9417 1
12169 12170 1
20387 23890 1
15379 15395 1
7882 30626 1
30 3923 1
3013 3039 1
5930 5931 1
12545 22619 1
8696 17039 1
5292 5648 1
18179 28418 1
89 404 1
38 6182 1
11733 11735 1
14567 14794 1
11708 11710 1
4628 5674 1
9617 9626 1
11634 11636 1
12237 23062 1
174 9426 1
30 18304 1
38 289 1
5651 5986 1
3679 5696 1
46 159 1
3454 3927 1
9626 9630 1
12739 18307 1
8917 8918 1
38 18466 1
45 63 1
2306 23062 1
1853 2816 1
2715 29178 1
29422 29427 1
7432 7453 1
7439 7441 1
38 709 1
8929 8930 1
28804 28871 1
28897 28899 1
158 162 1
2271 12002 1
35 6006 1
1203 1467 1
20 293 1
38 27729 1
2399 2816 1
11486 11521 1
6187 6190 1
1999 2400 1
136 137 1
2407 2442 1
27805 27806 1
1958 1989 1
38 9427 1
296 1537 1
674 746 1
7413 9579 1
5797 5800 1
11429 12255 1
2287 21999 1
9185 9492 1
1848 1896 1
1598 1600 1
38 32605 1
1556 27298 1
38 2402 1
1849 1966 1
5740 5748 1
10390 11000 1
3994 4000 1
2863 29024 1
10380 11800 1
15370 15374 1
30 69 1
282 306 1
20206 28125 1
9541 9542 1
1084 1094 1
184 194 1
38 173 1
4386 5986 1
180 182 1
2001 2400 1
1875 2363 1
3461 4014 1
38 11856 1
188 376 1
160 281 1
277 2530 1
12281 24540 1
753 783 1
9624 9630 1
3002 3087 1
17805 18765 1
1857 1915 1
2525 6947 1
16258 16270 1
4531 4532 1
3924 4537 1
6221 29258 1
13271 20387 1
9087 9089 1
6971 14859 1
38 9031 1
11635 11638 1
3392 4019 1
11424 14168 1
11419 11421 1
5822 5825 1
15836 15838 1
4931 19457 1
1845 1855 1
12184 14251 1
29413 29417 1
27229 27237 1
11527 14168 1
26003 26011 1
38 88 1
398 22198 1
3013 3070 1
714 1012 1
8930 9028 1
35 401 1
12531 24382 1
2001 2824 1
5846 5848 1
38 12476 1
2268 12231 1
38 32613 1
1858 1900 1
2142 26330 1
13275 21307 1
11848 27669 1
18 2641 1
1884 1886 1
2036 2037 1
2361 2400 1
38 3458 1
1918 1945 1
11681 11683 1
1864 1933 1
11656 11659 1
20384 24337 1
12484 24395 1
38 6183 1
53 85 1
11733 11734 1
15659 15677 1
75 274 1
394 28988 1
3460 4009 1
4863 4864 1
2564 7219 1
3451 3454 1
38 5594 1
19289 21310 1
38 1997 1
38 9622 1
13275 18306 1
683 684 1
32617 32652 1
9447 9479 1
2306 12160 1
1939 1954 1
35 282 1
20262 28442 1
13271 18727 1
1080 1217 1
5559 5624 1
18456 32543 1
38 26564 1
2679 11274 1
4086 4475 1
1045 9524 1
6181 23620 1
11397 21971 1
19608 28067 1
4280 5302 1
5289 5519 1
2766 2768 1
30072 30158 1
4537 4538 1
1203 1466 1
11496 23050 1
3822 3823 1
3448 3457 1
85 376 1
9568 9569 1
18303 18345 1
15606 15653 1
2265 26346 1
38 96 1
12281 12283 1
3453 4016 1
24337 24338 1
2364 2366 1
29268 31143 1
28401 28403 1
1341 9506 1
6010 6018 1
1865 1933 1
1598 1601 1
38 17185 1
1001 1003 1
7184 16826 1
3216 3218 1
78 1899 1
26564 27677 1
2325 24540 1
10556 11636 1
2999 3066 1
3468 3471 1
10797 11853 1
29900 29907 1
4577 5671 1
20262 23792 1
27708 27711 1
38 28417 1
2542 12024 1
4417 5508 1
3938 3939 1
2826 2827 1
15409 15410 1
4736 5519 1
32 1934 1
9053 9055 1
11682 11691 1
5602 5604 1
9090 9091 1
3430 3448 1
15403 15404 1
116 1272 1
18537 21326 1
2538 7408 1
10554 11638 1
9658 26606 1
1898 2823 1
38 9468 1
38 2243 1
1851 1855 1
41 154 1
8930 8976 1
30 16820 1
5481 5483 1
28908 28917 1
38 1892 1
3928 3932 1
1860 1861 1
7437 7438 1
5821 5822 1
4001 5289 1
4912 5396 1
11651 26084 1
172 173 1
8239 8245 1
1962 1964 1
4475 5624 1
15370 15395 1
38 4549 1
38 16270 1
9065 9066 1
28787 28788 1
38 2768 1
21938 27728 1
63 280 1
5689 5697 1
27229 27236 1
2055 2056 1
38 89 1
3445 3942 1
18198 27351 1
9066 9068 1
628 26022 1
1843 1962 1
13274 18450 1
29884 32569 1
3427 3461 1
26625 28386 1
3455 3922 1
13275 18361 1
424 429 1
2306 26107 1
30 4742 1
1972 1976 1
15371 15380 1
21744 21746 1
38 29953 1
38 21711 1
2081 2082 1
12190 12192 1
1904 2443 1
83 1848 1
7 67 1
9268 9484 1
1976 2662 1
6188 26564 1
1918 1950 1
11681 11682 1
14251 14826 1
5829 28927 1
28862 28863 1
38 5693 1
24347 24367 1
16255 16432 1
20384 24338 1
38 3437 1
38 6180 1
6922 6923 1
1864 1900 1
12528 24361 1
5404 5431 1
2768 26102 1
53 197 1
38 155 1
2768 12231 1
7484 22885 1
6183 18453 1
29398 31160 1
1928 1952 1
9092 9093 1
9617 9624 1
15734 15756 1
3823 3824 1
3679 3824 1
3453 4011 1
38 468 1
60 372 1
3926 3943 1
38 5595 1
27479 27480 1
15375 15661 1
38 2059 1
9204 9205 1
26058 26059 1
9114 9116 1
13271 18726 1
159 184 1
26019 26020 1
26002 26004 1
82 1902 1
6179 20339 1
11635 11636 1
2542 6955 1
15553 15554 1
32613 32616 1
1880 1930 1
336 14859 1
13501 13503 1
18537 20757 1
38 5721 1
2304 11610 1
1368 1532 1
5599 5600 1
19823 19824 1
4736 5290 1
54 1538 1
76 78 1
1999 2402 1
5682 5683 1
15372 15389 1
38 28932 1
320 326 1
11553 11851 1
13494 13495 1
682 684 1
38 323 1
28401 28402 1
10320 11521 1
30 3394 1
3433 4382 1
16477 16610 1
784 1009 1
15740 15741 1
38 2400 1
1849 1964 1
13289 13290 1
1890 2816 1
30 9055 1
11688 29446 1
2193 2194 1
2534 6740 1
1944 8806 1
22618 32647 1
322 1253 1
15370 15658 1
30 169 1
4577 5670 1
2307 14606 1
1216 7302 1
10066 28372 1
4368 5511 1
11506 11523 1
13892 13893 1
1874 2363 1
5602 5605 1
38 2564 1
30104 30105 1
1903 1906 1
189 190 1
3429 4509 1
30156 30157 1
104 25929 1
1843 1903 1
64 69 1
28907 28908 1
11437 11438 1
38 1268 1
2990 2991 1
3459 3460 1
15787 15830 1
38 12739 1
76 5992 1
12274 12281 1
14999 23753 1
12283 21963 1
5603 5604 1
5991 6005 1
162 12051 1
38 28450 1
11419 11423 1
392 2644 1
1889 1893 1
11126 27708 1
1845 1966 1
38 28770 1
26003 26013 1
2680 27669 1
28419 28426 1
1842 1990 1
15731 15757 1
3454 4017 1
3926 3928 1
5113 5656 1
11955 26167 1
2415 2437 1
28406 28407 1
38 5303 1
21744 21747 1
13142 13144 1
6235 28760 1
35 47 1
7441 7443 1
38 9095 1
38 11627 1
7428 7438 1
30 3926 1
5821 5825 1
3822 5697 1
20264 20265 1
11824 11825 1
15898 15899 1
38 3456 1
17415 27122 1
11683 11696 1
38 18537 1
38 23487 1
18303 30870 1
11598 11604 1
5498 5499 1
394 28986 1
9610 9613 1
9617 9631 1
11634 11635 1
38 10075 1
16479 16511 1
174 9425 1
38 469 1
16478 16479 1
1252 1598 1
38 292 1
762 1018 1
1842 2823 1
1501 7457 1
5678 5697 1
15370 16352 1
324 1600 1
7233 12024 1
18345 18451 1
26010 26013 1
1875 2865 1
11512 11610 1
12739 18308 1
8970 8979 1
70 401 1
339 14859 1
15306 16511 1
28757 28758 1
11584 11593 1
11734 11735 1
4509 5985 1
6178 28344 1
158 161 1
2679 11848 1
3428 3931 1
4424 5651 1
38 26102 1
3448 3459 1
2227 2228 1
3022 3077 1
53 329 1
38 102 1
15403 16352 1
26011 26013 1
3039 3057 1
1857 11589 1
38 28866 1
5924 5928 1
28901 28902 1
2316 10316 1
38 9475 1
167 12051 1
2768 11534 1
2768 26143 1
38 7430 1
13185 18450 1
30 9052 1
19457 19817 1
11515 11522 1
8942 27339 1
1948 2000 1
10556 11638 1
6780 28771 1
9268 9639 1
2998 2999 1
4577 5669 1
158 12051 1
6016 8956 1
20189 27335 1
15370 15373 1
38 29450 1
1216 7303 1
21775 27475 1
13892 13894 1
11259 11875 1
13276 18306 1
3022 3087 1
9067 9090 1
1913 2839 1
52 85 1
38 17482 1
38 160 1
2291 12088 1
38 15404 1
28977 28990 1
4015 4018 1
11534 26041 1
85 1538 1
3461 3926 1
6182 21145 1
38 1976 1
101 28992 1
29398 29401 1
1855 1902 1
2641 22198 1
2274 11930 1
1860 1863 1
12160 12236 1
27694 27695 1
12740 18310 1
38 4927 1
30 9419 1
38 16429 1
28882 28884 1
38 408 1
3937 3939 1
14999 23752 1
11688 26132 1
9087 9090 1
9052 9287 1
17396 18192 1
2542 2555 1
30 13276 1
12106 14778 1
2554 7233 1
38 5734 1
2264 2266 1
1889 1892 1
32613 32653 1
11126 27709 1
28863 28864 1
5920 5922 1
38 23069 1
5692 5693 1
20333 20335 1
13958 26014 1
38 15619 1
1558 6007 1
11494 21963 1
1855 1964 1
12274 24540 1
2536 12050 1
18450 18725 1
15005 17206 1
38 1847 1
30073 30156 1
1903 2839 1
5686 5699 1
11852 11853 1
15375 15390 1
85 1257 1
9311 9602 1
5515 5517 1
68 159 1
11426 21745 1
9622 9625 1
4420 5651 1
5821 5824 1
11439 11442 1
30 1946 1
6010 8927 1
15838 16252 1
38 26011 1
9048 9085 1
11034 29044 1
4012 4020 1
13454 19888 1
4010 4536 1
8934 8945 1
6183 18455 1
9617 9630 1
1911 1946 1
19 301 1
18345 23890 1
4398 19913 1
174 9430 1
709 1022 1
3457 3459 1
38 19891 1
170 2447 1
32542 32545 1
1152 1156 1
330 1538 1
11900 11901 1
1017 9529 1
18265 26625 1
13264 20176 1
861 862 1
2000 2671 1
38 24364 1
54 85 1
1861 2398 1
299 1538 1
714 1203 1
15833 15834 1
38 761 1
18354 20387 1
12272 12279 1
2679 27669 1
2306 14779 1
8941 27301 1
20176 20182 1
38 9431 1
10955 11725 1
38 321 1
14859 22198 1
11679 11681 1
12051 32649 1
1867 8804 1
12549 32647 1
38 1919 1
17464 20182 1
4351 4353 1
64 281 1
4534 28871 1
8942 27336 1
15396 16233 1
3996 5290 1
4929 19812 1
2138 10795 1
19815 19816 1
13271 18303 1
38 24392 1
3392 4011 1
677 1057 1
16418 16421 1
38 628 1
38 4399 1
17368 17460 1
1052 1053 1
3433 4380 1
38 17483 1
329 1561 1
11685 11686 1
1933 1948 1
3926 4013 1
9082 9111 1
38 1977 1
38 2274 1
8818 8972 1
16258 16259 1
185 186 1
677 25675 1
1844 1952 1
15393 15395 1
3042 3087 1
19877 19880 1
1991 2398 1
5991 6007 1
762 17362 1
11397 11460 1
1481 9537 1
30 13277 1
2158 2344 1
1881 1930 1
5599 5604 1
12281 27761 1
6940 6947 1
1845 1964 1
2208 2338 1
15716 15909 1
28364 28367 1
15381 15400 1
30072 32599 1
11292 27482 1
1842 1909 1
5692 5694 1
4300 4301 1
4533 4534 1
4909 4910 1
1555 6017 1
9066 9067 1
18501 18502 1
2201 2203 1
2268 11534 1
3427 3462 1
173 9423 1
35 405 1
2988 3037 1
170 173 1
409 1596 1
165 7235 1
11852 11854 1
825 9535 1
1865 1866 1
1944 1955 1
5515 5516 1
547 1600 1
18348 18349 1
7 47 1
7428 7432 1
30 3924 1
38 8980 1
1265 1266 1
12280 12281 1
4927 4932 1
15838 16253 1
38 6003 1
1918 1919 1
72 1842 1
38 17484 1
38 783 1
38 27694 1
1012 1466 1
2228 12088 1
4398 13358 1
304 12051 1
116 1273 1
23873 24343 1
15386 15395 1
6014 9663 1
44 274 1
9198 9491 1
38 5598 1
17396 27464 1
4420 4421 1
4008 5514 1
30 3429 1
11577 11586 1
9195 9497 1
28364 28374 1
26010 26011 1
38 2536 1
32613 32615 1
12739 18310 1
1969 1975 1
763 764 1
3558 5600 1
15656 15657 1
26002 26003 1
13264 20177 1
12112 12165 1
8884 18179 1
18303 24337 1
18727 20387 1
2270 11930 1
8812 8935 1
54 197 1
1880 1933 1
30 82 1
158 167 1
197 1538 1
33 79 1
4010 4509 1
151 26034 1
21953 21954 1
3452 3457 1
7432 7435 1
20176 20183 1
38 9428 1
38 10604 1
18722 18725 1
2361 6268 1
61 191 1
1347 22175 1
3439 4006 1
15856 18356 1
2 271 1
3431 3926 1
6002 6005 1
64 282 1
272 311 1
5401 5405 1
9052 9055 1
10556 11632 1
2999 3062 1
2317 11515 1
38 6740 1
29442 29443 1
38 10929 1
23 664 1
1909 1933 1
5820 5821 1
87 152 1
1052 1054 1
2265 2266 1
6195 26553 1
15376 15390 1
3430 4419 1
38 4434 1
3931 4379 1
28902 28903 1
1548 1549 1
3427 3437 1
3053 3066 1
38 22619 1
3923 4536 1
5917 5922 1
29467 29468 1
38 2352 1
83 85 1
46 75 1
1899 11589 1
20261 20262 1
18582 30084 1
1593 1595 1
4594 5290 1
2325 11604 1
46 293 1
38 12742 1
13271 13276 1
9089 9137 1
3294 11847 1
712 1023 1
157 283 1
1 1847 1
6187 6189 1
18477 18479 1
12478 12479 1
191 194 1
39 398 1
2361 2827 1
6015 16443 1
66 155 1
5692 5695 1
38 93 1
3002 3042 1
19279 29884 1
1555 6016 1
7289 7303 1
38 22196 1
38 2010 1
1860 1927 1
3460 3461 1
5417 5418 1
75 81 1
1044 27464 1
16271 16432 1
11852 11855 1
5282 5284 1
38 1047 1
12190 12281 1
21326 30626 1
38 5520 1
1858 1897 1
5679 5689 1
23071 23072 1
38 4264 1
16432 16436 1
18303 18654 1
5485 5973 1
5973 5975 1
4223 5282 1
1918 1922 1
9068 9125 1
935 2588 1
336 398 1
4117 4118 1
11923 20482 1
6323 27681 1
38 27695 1
38 5986 1
5816 5817 1
60 300 1
23873 24342 1
38 21323 1
4113 13888 1
3294 11048 1
38 121 1
3924 4742 1
3392 3454 1
14550 21962 1
50 314 1
5289 5290 1
4006 4599 1
3679 5689 1
15372 15658 1
2547 2548 1
71 289 1
38 9611 1
20387 24338 1
9203 9262 1
1908 11260 1
38 1873 1
3447 3923 1
38 26222 1
38 11688 1
39 6003 1
38 1410 1
2807 27852 1
2999 3053 1
2166 2168 1
2275 2768 1
6181 12742 1
2022 2352 1
2268 2269 1
12219 29002 1
5 160 1
1969 2662 1
4010 4506 1
5 66 1
5601 5602 1
1873 1875 1
14838 27805 1
9114 9115 1
1208 9584 1
38 1536 1
30 16477 1
10340 21773 1
175 283 1
3457 4009 1
12176 23070 1
4399 4403 1
162 283 1
38 8819 1
182 2530 1
29026 29372 1
14249 27530 1
38 1337 1
314 6008 1
12739 19289 1
38 18728 1
15374 15653 1
30 60 1
30 32601 1
28422 28423 1
9545 9547 1
1052 1055 1
2995 3066 1
27409 27410 1
27464 27465 1
38 167 1
26140 27531 1
1903 1918 1
3433 3938 1
11422 14826 1
664 1837 1
38 54 1
2210 2211 1
14589 27471 1
10554 11635 1
1555 5991 1
11417 11419 1
38 9457 1
184 405 1
3427 3436 1
14625 14651 1
175 12051 1
50 85 1
9088 9117 1
3436 3445 1
97 150 1
11732 11734 1
774 1222 1
30 9117 1
38 9506 1
38 7428 1
3039 3077 1
1929 1941 1
11966 11968 1
288 6945 1
29415 29434 1
11417 26553 1
8239 8240 1
9053 9116 1
11677 11678 1
1901 2000 1
1876 2365 1
182 1536 1
2361 2826 1
9181 9493 1
11294 27482 1
2047 2666 1
29944 30249 1
11449 29006 1
14251 27530 1
21972 27735 1
1999 2827 1
1044 27465 1
3456 3933 1
11684 11696 1
5515 5518 1
1908 11794 1
38 4265 1
15738 15740 1
3822 5684 1
5485 5972 1
38 547 1
11681 11685 1
7882 21326 1
61 1410 1
5970 5971 1
38 3430 1
3944 4737 1
29 85 1
26004 26013 1
26009 26011 1
38 27692 1
38 23890 1
2525 7233 1
38 156 1
1846 1911 1
1272 1274 1
3392 3455 1
4423 4425 1
38 344 1
29025 29469 1
1045 1107 1
197 329 1
1370 1372 1
5730 5731 1
3454 3934 1
4416 4737 1
29420 29423 1
15371 15395 1
38 13915 1
3441 4004 1
19824 19825 1
4424 5986 1
1933 8804 1
4033 5245 1
8812 8929 1
24 26 1
28897 28900 1
11274 27669 1
27673 27675 1
30 80 1
1066 7254 1
30 6182 1
164 12051 1
15658 16230 1
15546 15548 1
4513 4547 1
4001 4594 1
1941 1989 1
38 11823 1
1899 1939 1
1017 1021 1
38 12850 1
11838 11840 1
1946 1948 1
18722 18723 1
10955 11726 1
10450 11124 1
29927 32546 1
21744 21954 1
27335 27340 1
3460 4419 1
38 1906 1
11397 27506 1
409 2554 1
28402 28403 1
2 47 1
3 282 1
23619 23867 1
1899 2848 1
27301 28448 1
15836 16269 1
5 282 1
38 8816 1
10556 11634 1
19020 28123 1
9020 9021 1
9628 9630 1
157 309 1
4009 5508 1
13358 28860 1
8941 28448 1
38 29454 1
1989 11595 1
13082 27301 1
11679 11680 1
6944 14859 1
15374 16230 1
100 150 1
3923 4742 1
2268 11408 1
15386 15606 1
10554 11632 1
714 1007 1
5485 5969 1
6370 11734 1
3022 3042 1
21933 27735 1
16361 16362 1
19891 19892 1
11732 11735 1
12850 28374 1
26486 26487 1
3558 5599 1
18451 30870 1
26047 26048 1
4742 5295 1
2826 2838 1
4001 5283 1
1559 8956 1
1081 1112 1
1 1845 1
24352 24367 1
2268 26102 1
11449 11450 1
1893 1999 1
43 47 1
13272 18347 1
10316 27638 1
9065 9068 1
19888 19902 1
2001 11627 1
85 329 1
10795 11764 1
38 23057 1
2307 26104 1
29417 29421 1
2820 2821 1
11417 11461 1
19279 29886 1
3342 6345 1
292 297 1
12058 29178 1
188 394 1
5485 5486 1
5368 5495 1
16253 16260 1
18544 20781 1
4013 4417 1
15376 15395 1
1999 2826 1
57 153 1
2643 28985 1
12528 24353 1
18340 18342 1
7444 7445 1
1852 1911 1
2816 2840 1
2400 11627 1
27498 27634 1
1844 1927 1
23792 28442 1
3 280 1
6003 6008 1
44 156 1
30 3931 1
3459 4013 1
9549 9550 1
12739 21310 1
1970 1979 1
1865 2443 1
30 1950 1
27698 27700 1
38 18451 1
11840 11841 1
15653 16230 1
9052 9053 1
2680 11848 1
2579 2580 1
18179 28426 1
27690 27692 1
26009 26010 1
1557 8818 1
18349 18532 1
38 15385 1
19814 19815 1
11725 11735 1
15734 15757 1
1272 1275 1
32 164 1
23081 28754 1
38 1562 1
4423 4424 1
15377 15407 1
331 336 1
23050 23051 1
15493 15494 1
3446 4011 1
15652 15659 1
23041 23042 1
2164 2165 1
857 858 1
1856 1860 1
1847 1906 1
16420 16424 1
19306 19527 1
2 72 1
59 153 1
1969 1972 1
154 191 1
1598 1599 1
5820 5824 1
11688 29456 1
26048 26049 1
282 283 1
18303 24338 1
3443 3450 1
5806 5808 1
1047 18193 1
38 588 1
13358 28866 1
23073 23074 1
20261 23792 1
191 405 1
4421 4425 1
6967 7234 1
12739 18534 1
25929 32613 1
4000 4008 1
6197 31000 1
38 2270 1
3427 3442 1
38 1937 1
14235 26555 1
7881 7882 1
2287 22007 1
25975 25980 1
6183 19289 1
27705 27706 1
15411 15605 1
1336 27306 1
11839 11841 1
3441 3941 1
27128 27388 1
17379 17418 1
1195 7413 1
28426 28427 1
5680 5683 1
38 28367 1
11666 11669 1
10556 11635 1
8815 8976 1
9628 9631 1
161 162 1
2228 2231 1
28861 28863 1
38 13312 1
1864 1883 1
11416 27678 1
2732 21775 1
4916 19809 1
38 20384 1
331 6945 1
3824 5678 1
38 165 1
19020 28365 1
38 52 1
18348 18532 1
28860 28861 1
11633 11636 1
6370 11735 1
5826 5827 1
4910 5396 1
14230 26556 1
27600 29421 1
50 83 1
38 3824 1
2525 2555 1
11416 14238 1
5402 5404 1
3927 4016 1
13082 28448 1
13271 13273 1
21789 21790 1
3294 6370 1
3922 4382 1
4028 4030 1
11397 11456 1
21714 21715 1
38 18351 1
1 1844 1
15370 15402 1
3926 5509 1
3824 5696 1
5979 5981 1
11691 11693 1
89 190 1
52 54 1
28986 28988 1
10865 14832 1
15372 15395 1
14606 26104 1
9496 9497 1
11000 29025 1
34 1934 1
38 306 1
5678 5679 1
5848 5941 1
2000 2001 1
88 190 1
2525 2527 1
5686 5700 1
15371 15373 1
33 2613 1
12112 12159 1
182 277 1
5685 5689 1
8822 8825 1
15329 16812 1
38 11824 1
5845 5940 1
24338 30870 1
2294 2295 1
743 7245 1
9268 9483 1
5485 5970 1
28447 28448 1
152 153 1
4008 4011 1
27690 27693 1
15373 15399 1
4113 5631 1
11725 11734 1
2268 26143 1
9623 9631 1
1272 1276 1
15381 15658 1
38 463 1
30 4536 1
18354 30870 1
5676 5677 1
15372 15653 1
95 283 1
151 190 1
38 1989 1
7438 7439 1
5496 5499 1
8941 13082 1
7429 7438 1
9121 9286 1
14561 21756 1
16595 23873 1
193 272 1
25973 25980 1
2536 28986 1
2095 2097 1
3042 3047 1
6945 6971 1
1 82 1
5359 5649 1
15559 15619 1
4017 4544 1
20382 23857 1
4537 4546 1
15499 15500 1
4468 28911 1
66 282 1
4019 4543 1
3013 3077 1
11641 12121 1
3922 4006 1
6015 9663 1
2274 2275 1
3451 3452 1
4421 4424 1
30106 32548 1
38 1942 1
28776 28777 1
5403 5404 1
1501 7455 1
7453 7456 1
2306 12237 1
38 27463 1
4927 19817 1
1918 2839 1
1986 11596 1
23619 23869 1
11839 11840 1
6200 29258 1
11699 11856 1
38 28364 1
14567 21972 1
1888 1999 1
1557 6006 1
3465 3466 1
3456 4419 1
6969 14859 1
30149 30154 1
38 4166 1
6521 6522 1
30403 32594 1
5601 5604 1
38 18195 1
28861 28862 1
1078 8762 1
4000 5517 1
11682 11683 1
38 2732 1
2715 29469 1
7976 29952 1
38 5982 1
1952 2398 1
3443 4744 1
11422 14825 1
24376 24378 1
38 53 1
6313 6314 1
3002 3018 1
1896 1914 1
28860 28862 1
38 5515 1
5967 5973 1
7458 9579 1
6370 11732 1
19914 28860 1
13288 13289 1
2361 11627 1
8934 28344 1
1078 1219 1
18193 27465 1
8980 8981 1
11424 27505 1
11527 21744 1
4385 4416 1
3927 4019 1
1895 1909 1
4508 4537 1
3924 4546 1
28888 28889 1
3937 3941 1
3434 4379 1
2542 2557 1
1881 1933 1
26008 26009 1
32613 32652 1
14692 14825 1
38 6010 1
11691 11692 1
89 2537 1
38 9442 1
18192 27438 1
3822 5692 1
3062 3066 1
47 82 1
1855 1962 1
9100 9101 1
6221 6222 1
9055 9115 1
3430 3928 1
1276 28991 1
2639 6968 1
38 1208 1
1986 2148 1
707 712 1
5685 5688 1
4149 4464 1
28260 28261 1
12740 21310 1
5845 5939 1
44 45 1
1865 2441 1
38 9643 1
29884 29953 1
1913 11874 1
38 26013 1
6187 24508 1
3924 5983 1
38 4377 1
38 3429 1
26004 26008 1
38 768 1
53 54 1
15369 15390 1
4381 5359 1
2656 7233 1
1025 1472 1
11725 11733 1
18193 27463 1
74 289 1
15377 15405 1
30 4537 1
18 1253 1
34 1939 1
4909 4912 1
27275 27276 1
1930 2398 1
15380 15393 1
3261 23104 1
38 9502 1
38 18722 1
15419 15420 1
2402 6268 1
25973 25979 1
3459 4417 1
13264 20182 1
28122 28336 1
2536 28987 1
38 10894 1
30 181 1
43 314 1
5359 5648 1
4480 4481 1
1047 18195 1
4029 4031 1
54 329 1
2400 2826 1
339 6944 1
38 5713 1
3922 4007 1
21319 29886 1
330 6971 1
19867 19869 1
9047 9087 1
54 1562 1
1546 1548 1
81 1844 1
20177 20183 1
1964 1965 1
18451 24338 1
11823 11827 1
20815 30158 1
38 1540 1
38 9417 1
3452 3454 1
3039 3070 1
64 194 1
1501 7454 1
1266 28986 1
12111 26556 1
1848 1906 1
38 4020 1
38 11720 1
28 2613 1
11494 27761 1
6967 6968 1
36 1538 1
38 9041 1
394 2536 1
3041 3077 1
38 18192 1
5806 5949 1
5970 5975 1
2400 2838 1
4000 5518 1
164 166 1
38 1017 1
38 11126 1
15405 15409 1
401 403 1
7413 7458 1
4344 4346 1
11460 27470 1
3440 5358 1
191 395 1
1925 2148 1
28376 28377 1
18304 18352 1
2527 6740 1
4546 4547 1
5967 5972 1
6370 11733 1
4008 5289 1
3022 3041 1
13274 18334 1
9262 9263 1
13271 18451 1
1423 25685 1
13288 13290 1
4911 4912 1
3931 4378 1
26008 26010 1
27731 27736 1
70 310 1
38 13288 1
1895 1908 1
9067 9125 1
1540 26034 1
11459 26049 1
13271 13275 1
35 59 1
19889 19891 1
38 24351 1
810 1082 1
44 74 1
38 9085 1
1053 1055 1
10605 27738 1
5688 5689 1
15559 15562 1
18345 24338 1
15370 15400 1
23890 30870 1
2268 26097 1
30 1859 1
482 9507 1
9415 32611 1
23782 27297 1
38 6011 1
13277 18361 1
89 2536 1
89 188 1
1928 1933 1
1904 6185 1
1846 1903 1
28382 28383 1
4 66 1
332 375 1
19892 19893 1
12458 12460 1
3429 4537 1
3470 3992 1
27709 27711 1
36 55 1
70 274 1
1 313 1
7881 18537 1
1047 27465 1
8970 12451 1
38 5983 1
4297 4298 1
12099 26569 1
3393 3943 1
811 1081 1
3461 3463 1
12467 24388 1
30 395 1
14778 26104 1
26004 26009 1
9625 9631 1
3425 3473 1
15833 16259 1
5847 5848 1
27741 27743 1
3436 3942 1
293 302 1
11725 11732 1
29 405 1
6181 21145 1
1913 1915 1
155 304 1
38 31143 1
1856 1977 1
38 2043 1
38 9612 1
2 293 1
38 24693 1
38 5992 1
2305 12166 1
12547 22618 1
279 401 1
1599 1600 1
5820 5827 1
11429 11923 1
39 5998 1
1509 1510 1
13264 20183 1
38 12547 1
28122 28337 1
14567 27735 1
28336 28337 1
3449 3450 1
38 21954 1
5991 8956 1
4029 4030 1
2400 2827 1
10555 11633 1
4468 28904 1
8929 9027 1
16260 16269 1
38 30870 1
1842 1847 1
2715 11728 1
18334 18335 1
6370 11726 1
38 9422 1
18537 30157 1
287 1562 1
26092 28766 1
38 2023 1
1844 11589 1
25975 25977 1
4368 4369 1
4916 4918 1
1851 1901 1
1945 1991 1
35 1544 1
29886 32569 1
27351 28369 1
13082 15005 1
13321 13323 1
287 547 1
38 18193 1
6497 21281 1
4000 5519 1
38 1022 1
1898 1934 1
43 84 1
10316 27485 1
18483 18484 1
167 175 1
18482 18519 1
4008 5516 1
18193 27464 1
1931 2863 1
38 11855 1
1999 2671 1
67 159 1
11534 12231 1
4008 5290 1
38 277 1
65 282 1
29413 29421 1
24367 24371 1
1078 1217 1
2305 12238 1
11705 11706 1
2525 6968 1
13289 13291 1
44 75 1
8816 9031 1
1053 1054 1
1975 1976 1
65 1410 1
1977 2827 1
3451 4018 1
830 7254 1
11825 11827 1
5970 5972 1
5847 5939 1
29816 29829 1
2073 11322 1
38 6008 1
27230 27237 1
191 1544 1
18654 23890 1
28986 28987 1
1842 1900 1
1903 1945 1
3461 3942 1
42 154 1
19892 19894 1
15832 15836 1
3429 4536 1
5714 5716 1
4508 4538 1
1933 2398 1
154 274 1
5845 5847 1
27463 27464 1
4024 4027 1
11423 11461 1
1850 1964 1
28260 28271 1
5695 5697 1
1999 2838 1
5846 5847 1
15371 15374 1
11423 26553 1
5981 5983 1
38 1432 1
4540 5509 1
394 1540 1
1047 27464 1
38 11616 1
13272 13274 1
408 6947 1
3653 5699 1
422 997 1
2004 2007 1
5514 5515 1
20177 28417 1
1426 28786 1
38 2715 1
11729 11803 1
26004 26010 1
15832 16252 1
14998 15007 1
1898 1990 1
15833 16258 1
38 145 1
26457 28754 1
13319 13325 1
9163 9164 1
1890 2399 1
41 62 1
17396 27465 1
104 32652 1
5950 5952 1
38 2049 1
162 2657 1
38 7188 1
27497 27634 1
15370 16233 1
15458 15591 1
10347 11780 1
61 154 1
27437 27440 1
5135 19914 1
1540 2537 1
38 18349 1
38 11682 1
1858 1863 1
38 3944 1
1925 11596 1
14567 21933 1
4608 5696 1
38 4594 1
15741 16249 1
38 753 1
3393 4643 1
30 85 1
4468 28905 1
66 281 1
18303 23890 1
11450 12220 1
11322 14149 1
27236 27254 1
1846 2398 1
38 189 1
3004 3037 1
38 2657 1
1496 1497 1
38 28978 1
9533 9534 1
1 1247 1
84 152 1
4911 5396 1
14794 21933 1
1925 1986 1
38 11421 1
2021 2353 1
4912 4936 1
7882 18537 1
38 4010 1
38 11726 1
28421 28422 1
6178 16592 1
58 85 1
4538 4539 1
43 395 1
281 306 1
2722 21782 1
18721 18723 1
38 6328 1
27230 27236 1
5970 5973 1
13271 18354 1
10393 29022 1
9072 9074 1
38 5981 1
9450 9479 1
2 1847 1
11870 27569 1
3430 3447 1
1842 1865 1
3464 4380 1
13491 13492 1
38 11836 1
7431 7436 1
251 253 1
17179 17180 1
3022 3047 1
18489 18491 1
38 1969 1
8815 8933 1
29427 29428 1
1553 1554 1
18310 19289 1
11417 21971 1
16552 16557 1
13893 13894 1
16826 28770 1
11624 27483 1
6342 6343 1
1857 1911 1
21971 27470 1
1883 1927 1
19914 28864 1
38 24349 1
2363 2865 1
4001 5516 1
12281 21963 1
628 7489 1
4278 4279 1
38 4419 1
38 6199 1
4377 4378 1
8824 8825 1
85 197 1
1894 1909 1
4421 5986 1
4381 4384 1
335 336 1
7194 25929 1
12274 21963 1
5516 5518 1
15548 15776 1
2990 3037 1
1861 11875 1
24542 26049 1
7881 21326 1
14561 26106 1
823 7127 1
20382 21327 1
3930 5510 1
1044 1047 1
10106 28776 1
3822 5694 1
27228 27229 1
30073 30157 1
11788 11807 1
12176 12177 1
66 306 1
26004 26011 1
12053 12110 1
26009 26013 1
15832 16253 1
29025 29178 1
11662 11663 1
4982 5505 1
38 19816 1
38 15378 1
1881 2405 1
32616 32649 1
12231 12232 1
38 112 1
9081 9118 1
708 712 1
12826 13790 1
292 330 1
5797 5799 1
2656 6955 1
31137 31139 1
59 303 1
38 29822 1
36 85 1
1949 2841 1
1904 2441 1
2269 26041 1
18724 18725 1
38 12545 1
3431 3455 1
38 10893 1
78 164 1
11419 11424 1
28352 28353 1
1865 2363 1
12158 23057 1
16832 28770 1
294 302 1
15373 15606 1
4108 6497 1
29 51 1
38 2671 1
7184 16963 1
708 1023 1
54 1561 1
113 115 1
38 2662 1
4015 4545 1
15653 15658 1
1937 1944 1
26132 28614 1
14238 26117 1
4015 4017 1
3427 3449 1
38 1930 1
8956 12451 1
1925 1985 1
1501 7451 1
1266 28985 1
3462 4006 1
63 1902 1
50 59 1
18727 24338 1
12157 12158 1
38 11727 1
49 83 1
27093 28405 1
26487 26488 1
1080 1112 1
25929 32615 1
1953 1954 1
408 6940 1
18721 18722 1
38 18199 1
1842 11589 1
761 1017 1
332 7396 1
3593 4030 1
4608 5693 1
2031 2037 1
2 1844 1
1842 1862 1
38 21307 1
3935 4417 1
6018 8819 1
8824 9020 1
38 5519 1
1954 1956 1
775 1222 1
65 280 1
38 32648 1
18647 28426 1
1999 11627 1
16479 27932 1
2441 2443 1
2018 2020 1
1551 6010 1
1844 1880 1
1861 1926 1
38 4917 1
38 11642 1
29943 29944 1
38 24338 1
292 548 1
1945 1953 1
46 152 1
6179 6181 1
38 28863 1
2137 2138 1
38 6014 1
16265 16266 1
1856 1865 1
9483 9484 1
38 85 1
274 311 1
15832 15838 1
12458 12459 1
830 832 1
6011 8819 1
38 311 1
21756 26106 1
154 272 1
8935 16445 1
4541 5509 1
11856 11857 1
4629 5685 1
28876 28877 1
43 70 1
38 1837 1
1865 1883 1
4425 5651 1
15130 20189 1
1861 1914 1
1555 1559 1
38 26404 1
6221 29245 1
15656 16355 1
3822 5695 1
27228 27230 1
38 18453 1
38 21812 1
11423 21971 1
162 175 1
30 12742 1
6188 11533 1
53 55 1
184 1850 1
12548 22619 1
63 66 1
15507 15508 1
12232 26097 1
15606 15658 1
18121 27354 1
1912 1991 1
95 96 1
38 7976 1
3451 4009 1
165 12051 1
3934 4018 1
11463 12119 1
292 331 1
11282 27562 1
7881 20781 1
11381 11798 1
9179 9196 1
9584 9585 1
14832 21812 1
1849 1948 1
3447 4537 1
46 395 1
28902 28906 1
9064 9065 1
2269 26040 1
5951 5952 1
15855 15856 1
34 164 1
38 21953 1
3762 5659 1
11698 11699 1
1600 1601 1
714 1032 1
2000 2838 1
15374 16354 1
5599 5602 1
38 6268 1
3428 4012 1
331 6971 1
1003 1016 1
18454 19289 1
29 1544 1
194 405 1
29927 32543 1
38 413 1
1899 1928 1
6370 11725 1
38 9421 1
28892 28896 1
7484 8236 1
1859 1934 1
3451 4378 1
7442 7449 1
5846 5939 1
14239 26222 1
70 191 1
38 1909 1
3257 23104 1
1804 1805 1
5818 5824 1
3447 4509 1
8709 16949 1
15836 16260 1
38 11615 1
18 1246 1
2361 2362 1
11494 12281 1
2756 11307 1
2084 2085 1
161 164 1
30 1899 1
9570 9571 1
21964 23051 1
30 501 1
15373 15385 1
3593 4029 1
2249 2251 1
2147 26534 1
11699 11853 1
21935 21936 1
156 159 1
27729 27731 1
18196 27459 1
8824 9021 1
1863 1900 1
7484 8240 1
32612 32615 1
3294 11734 1
38 1975 1
28900 28907 1
38 32649 1
3440 3941 1
165 166 1
13273 18728 1
38 7484 1
15379 15380 1
1857 1909 1
38 11752 1
3428 3443 1
1860 2839 1
38 11643 1
3042 3077 1
1867 1881 1
1865 3327 1
8951 9021 1
401 1544 1
1424 1425 1
2000 11627 1
20 30 1
3394 3927 1
6179 6180 1
1051 1091 1
38 28860 1
21788 21792 1
1862 2823 1
2768 12232 1
5135 28863 1
27114 27374 1
5692 5697 1
38 251 1
65 191 1
11534 26097 1
64 159 1
18451 20384 1
11856 11858 1
60 75 1
30 3447 1
38 7294 1
18339 20796 1
4118 5546 1
4422 4424 1
3450 3453 1
38 30115 1
38 1898 1
2536 28988 1
9074 9201 1
1844 1853 1
22894 25932 1
6955 7233 1
1555 1558 1
9424 9425 1
11839 27667 1
2671 6268 1
1 72 1
3996 5514 1
4012 4015 1
27701 27702 1
1860 2398 1
1503 1505 1
3442 3461 1
5980 5983 1
38 30626 1
1859 1911 1
155 281 1
24361 24366 1
1913 1919 1
4930 19457 1
669 673 1
11838 11839 1
4885 5489 1
5568 5569 1
38 2052 1
11381 11797 1
27336 27340 1
1855 1882 1
2000 6268 1
12106 26104 1
7428 9574 1
38 27485 1
38 2534 1
7882 18544 1
18504 18505 1
38 26132 1
38 9570 1
10786 10787 1
3447 4536 1
1272 28991 1
31153 31154 1
38 11681 1
38 13286 1
15405 15408 1
4629 5683 1
1880 1913 1
1213 1595 1
3449 3454 1
1499 1500 1
5693 5695 1
38 18334 1
1901 1977 1
15370 15389 1
4931 4932 1
714 1033 1
39 154 1
104 32653 1
9090 9283 1
14255 27569 1
321 322 1
5694 5697 1
4108 21281 1
1881 1913 1
5901 5904 1
1915 1933 1
3824 5689 1
9090 9137 1
4506 4513 1
17098 17101 1
11710 11711 1
2715 11000 1
2656 12024 1
38 5616 1
4543 4545 1
24043 30249 1
38 28864 1
1855 1918 1
11524 27623 1
1848 1928 1
7434 9572 1
13185 13275 1
15374 15606 1
3393 3446 1
1804 1806 1
5818 5825 1
170 32647 1
283 12051 1
46 279 1
28417 28423 1
26102 26143 1
38 1037 1
3393 4018 1
4506 5982 1
38 29446 1
2729 27743 1
2838 11627 1
28903 28904 1
3010 3047 1
15733 15735 1
3593 4028 1
38 16254 1
11699 11852 1
38 17478 1
4024 5242 1
11434 11435 1
1899 1911 1
38 5517 1
18354 24338 1
27107 27109 1
6268 11627 1
3930 4374 1
3294 11735 1
197 376 1
3467 4737 1
4 280 1
9115 9116 1
11667 11669 1
18647 28420 1
13321 13326 1
4895 5466 1
5289 5515 1
14794 27735 1
2859 3062 1
7881 18544 1
13319 13320 1
1857 1908 1
44 289 1
18 8935 1
3450 4011 1
1867 1880 1
10903 14168 1
3431 3457 1
8951 9020 1
11731 11801 1
314 316 1
38 5635 1
1901 1991 1
6015 15351 1
1848 6185 1
2527 2534 1
38 4422 1
2261 2262 1
5400 5401 1
38 27705 1
3824 5697 1
16252 16269 1
24361 24369 1
11534 26102 1
18308 21309 1
4384 5647 1
38 19843 1
18451 20387 1
38 16942 1
3 47 1
1967 1975 1
34 1899 1
771 9525 1
1848 1856 1
4422 4425 1
326 8935 1
1864 1913 1
4011 4744 1
38 18345 1
1883 1911 1
325 1599 1
21305 23487 1
3394 3935 1
11725 11847 1
2311 21705 1
1844 3328 1
78 79 1
9267 9271 1
3822 5693 1
2688 11013 1
30 19814 1
